0.119966	0.514612
0.151284	0.471201
0.174886	0.404371
0.153382	0.219872
0.0514971	0.123135
0.0428186	0.206448
0.000312349	0.248858
0.0706277	0.273081
0.20791	0.208167
0.188533	0.0823679
0.145318	0.0715015
0.14937	0.123103
0.440613	0.242035
0.136766	-0.0926775
0.141874	-0.242064
0.0331284	-0.271796
-0.0340085	-0.160494
0.26398	-0.221894
0.0768906	0.0335975
0.0719854	0.0761098
0.180552	0.174129
0.256291	0.129583
0.282391	0.0723159
0.263381	0.140362
0.247644	0.140557
0.235071	0.217833
0.175364	0.174452
0.282464	0.127795
0.419555	0.116055
0.206069	0.238709
0.0609666	0.387939
0.10573	0.238844
0.302436	0.0786445
0.302391	-0.179381
0.343302	-0.265857
0.461887	-0.289748
0.386648	-0.281673
0.178867	-0.185637
0.129003	-0.157554
0.404182	-0.0643238
0.443972	-0.0434241
0.601233	-0.0748277
0.483658	-0.0416812
0.156359	0.0818389
0.00763248	0.0458854
0.168574	0.0753505
0.274635	0.128384
0.375431	0.111211
0.41256	0.161807
0.271947	0.149086
0.216075	0.152872
0.388099	0.16564
0.312196	0.281711
0.320359	0.116708
0.336435	0.267047
0.166737	0.281979
0.141506	0.329237
0.278223	0.139658
0.1167	0.310634
0.275659	0.201257
0.29267	0.111473
0.248019	0.0594924
0.381487	-0.129375
0.32604	0.00495314
0.421156	0.206414
0.273325	0.338702
0.163557	0.18136
0.334534	0.133775
0.409371	0.165984
0.314664	0.069418
0.208785	0.138385
0.183703	0.104499
0.240978	-0.138204
0.237943	0.0422117
0.230737	0.0583123
0.301744	0.11228
0.209262	0.261399
0.163152	0.235653
0.267699	0.212612
0.423962	0.170925
0.325609	0.245521
0.209633	0.267583
0.395976	0.223564
0.226148	0.374195
0.327707	0.190199
0.357325	-0.0956552
0.315331	0.0886181
0.396404	0.304936
0.318686	0.108745
0.312616	0.167248
0.413858	0.261412
0.446996	0.0985195
0.398795	0.204449
0.189493	0.207088
0.237741	0.175857
0.354845	0.177943
0.349723	0.211908
0.0443879	0.245761
0.197213	0.162342
0.122631	0.049807
0.195733	-0.0250921
0.153091	0.0506447
-0.055448	0.317056
-0.268652	0.310754
-0.156411	0.389217
-0.0311802	0.303092
0.205566	0.0807771
0.299246	0.169575
0.155242	0.355908
0.262672	0.219334
0.112752	0.0621707
0.187498	0.117997
0.110074	0.123343
0.305407	0.23699
0.31247	0.0993918
0.368183	0.192377
0.435847	0.219703
0.456616	0.35145
0.409944	0.248129
0.331143	0.264466
0.20362	0.230757
0.257629	0.0415737
0.27446	-0.11655
0.391252	-0.249003
0.197185	-0.0695772
0.091397	-0.0400875
0.207555	-0.00141782
-0.0546742	-0.0553655
-0.230005	0.0563005
-0.259287	0.132112
-0.129825	0.0935594
-0.195599	0.0160469
-0.237722	0.00310784
-0.150213	-0.0559097
0.0560292	-0.0173599
0.179609	0.0473594
0.212419	0.0264583
0.227472	0.138125
0.215639	0.0388778
0.228358	-0.0217539
0.157552	0.00166571
0.281409	-0.0256163
0.140786	0.359856
0.427336	0.268836
0.325129	0.406641
0.298735	0.225431
0.165686	0.112219
0.152785	0.0662659
-0.016314	0.135237
-0.0188194	0.282212
-0.149745	0.304438
-0.208565	0.334902
-0.441706	0.480617
-0.22791	0.404801
-0.231902	0.305381
-0.205986	0.303006
-0.12589	0.378966
-0.315574	0.198687
-0.209328	0.152663
-0.00762197	0.205567
-0.18806	0.361718
0.0313357	0.385365
-0.0207818	0.280089
0.0390024	0.238395
0.019375	0.191774
0.165804	0.152589
0.20585	0.100711
0.00890412	-0.0844286
0.104776	0.0930006
0.00434193	0.0720636
0.00690089	0.163781
0.0916669	0.153813
0.0736377	0.0823102
0.0244789	0.184285
0.0146878	0.280075
0.115462	0.163629
0.321515	0.0741425
0.244811	0.0923824
0.368186	0.203642
0.289805	0.238982
0.309559	0.202972
0.420688	-0.0292702
0.38021	-0.1813
0.28145	0.0999921
0.207923	0.179025
0.00950655	0.293898
-0.0129439	0.250574
0.113762	0.175006
0.0795914	0.0154671
0.134023	0.0323328
0.179071	-0.0997396
0.413839	-0.223233
0.12906	-0.245384
0.161315	-0.148663
0.241109	0.0500789
0.249759	0.0148659
0.28261	0.0304266
0.379538	0.113876
0.391189	0.0497827
0.389252	0.097084
0.378198	0.131479
0.319935	0.0350829
0.388392	-0.291433
0.143026	0.00857886
0.0192708	0.0100384
0.0652097	-0.100281
0.025567	-0.21609
-0.0301223	0.0126477
-0.0016891	-0.244915
0.033382	-0.101551
-0.118155	0.116099
-0.038685	0.247128
0.0487695	0.404077
0.014578	0.262578
0.0177537	0.247245
-0.0337344	0.204609
-0.0157316	0.252216
0.0875001	0.0846559
0.114888	-0.00583585
0.221115	-0.0246681
0.246695	-0.0782369
0.158062	-0.0509015
0.211071	-0.0270536
0.25561	0.274465
0.173672	0.218646
0.0957898	0.221949
-0.0184599	0.224215
-0.117156	0.40274
-0.0113135	0.359161
0.140097	0.312962
0.17196	0.140609
0.220134	0.147068
0.476353	0.157121
0.397379	0.269934
0.434251	0.122047
0.372528	0.062163
0.16075	0.208679
0.164664	0.227722
0.238381	0.169062
0.148888	0.390211
0.258706	0.422673
0.283001	0.214471
0.369431	0.0245123
0.374191	0.214863
0.339061	0.173758
0.301511	0.161127
0.31578	0.128094
0.447348	0.176616
0.304917	0.398649
0.29675	0.261308
0.450562	0.194237
0.501301	-0.127951
0.281655	0.0825415
0.241162	0.068193
0.20563	0.03887
0.103558	0.0810984
0.203576	0.0176129
0.115719	0.372144
0.0719413	0.440301
0.184612	0.367192
0.17631	0.238484
0.139302	0.0315864
0.347926	0.233953
0.16039	0.0756657
0.123759	0.0954503
0.0734545	0.0706049
0.104649	0.0963707
0.309055	0.389667
0.449793	0.197415
0.279432	0.257699
0.324122	0.336111
0.199484	0.199504
0.106289	0.372695
0.148565	0.361414
0.257742	0.0759188
0.320958	-0.0184106
0.202968	-0.0528673
0.323647	0.108122
0.238077	0.187725
0.0313267	0.147393
-0.0979927	-0.0346982
-0.142286	0.206597
-0.140247	0.126363
0.0919731	0.292169
0.107766	0.244009
-0.0144352	0.408761
0.230442	0.364272
0.348524	0.0277222
0.251348	0.00228494
0.295397	0.181032
0.330125	0.228373
0.20945	0.247249
0.339678	0.0120897
0.398853	0.0457624
0.204303	0.124526
0.156175	0.116848
0.142898	0.275311
0.17398	-0.00176834
0.0936027	0.176006
0.142376	0.395243
0.120033	0.345651
0.252272	0.162089
0.00717345	0.243542
0.295035	0.248731
0.318602	0.339189
0.31211	0.212456
0.21887	0.091985
0.328082	0.218102
0.245663	0.120661
0.267114	0.0627074
0.435131	0.00348124
0.45761	0.0710861
0.339688	0.158055
0.39427	0.16729
0.475586	0.217397
0.373116	0.192603
0.390346	0.167836
0.408302	0.221328
0.31636	0.094467
0.22798	0.295784
-0.028102	0.297637
0.0366472	0.274355
-0.130799	0.398456
0.0719204	0.0708458
0.0607694	-0.123687
0.00631066	-0.0105164
-0.139253	0.169584
-0.0560733	0.501757
0.337477	0.474086
0.354717	0.213111
0.132848	0.0905908
-0.0274302	0.206142
0.204285	0.160276
0.444517	0.160225
0.269179	0.283923
0.118202	0.256144
0.171345	0.149732
0.301432	0.199261
-0.00283187	0.0885884
0.0593985	0.0787547
-0.0786514	0.164569
-0.185201	0.143367
-0.0698151	0.369343
-0.131424	0.31464
-0.114448	0.256226
0.0333775	0.251449
0.159754	0.327967
0.13991	0.262714
0.231403	0.250407
0.199464	0.265141
0.165103	0.196254
0.22125	0.158878
0.397258	0.267795
0.460218	0.269836
0.387816	0.353993
0.399977	0.364638
0.497134	0.235112
0.242958	0.212312
0.256341	0.105864
0.208134	0.278005
0.208879	0.299941
-0.019646	0.222078
0.0393279	0.0599102
0.0640525	0.0856355
0.0842973	0.182815
-0.0192385	0.312011
0.318291	0.252442
0.302338	0.0285679
0.137026	-0.252379
0.138447	-0.166614
0.177199	-0.0476891
0.255951	-0.193672
0.41888	-0.093599
0.303683	0.186319
0.240463	-0.126866
0.349696	0.0725384
0.204723	-0.0498542
0.0240049	0.124587
-0.112932	0.323481
0.0193746	0.26275
0.000348498	0.265407
0.213818	0.187294
0.142631	0.131994
0.0309086	0.19137
0.0100304	-0.00690653
0.109922	-0.106653
0.124138	0.0172777
0.0800988	0.100492
0.0461676	-0.00451676
0.31281	-0.0340732
0.463593	0.224781
0.380602	0.284399
0.45582	0.0582896
0.442397	0.0271737
0.433817	0.18426
0.166492	0.0567258
0.193354	0.155988
0.3792	0.323394
0.44674	0.437492
0.206033	0.435629
0.28608	0.434957
0.173408	0.40002
0.158323	0.254372
0.26873	0.257519
0.144581	0.305375
0.0750879	0.176321
0.0622399	0.128747
0.034004	0.151776
0.0965268	0.0392698
-0.0152912	0.0266195
-0.0348309	0.103504
0.14768	0.207419
0.298057	0.307695
0.206161	0.0756944
0.204231	0.0202733
0.23438	0.0464119
0.146283	-0.142315
0.14616	-0.251095
0.173328	-0.22497
0.081516	-0.118126
0.145766	0.0438911
0.0995366	0.203009
0.226563	0.162822
0.161797	0.220121
0.112408	0.349047
0.0241695	0.225542
0.149238	0.17053
0.261487	0.096558
0.350976	-0.0925936
0.348991	0.0926379
0.759117	-0.0238764
0.394637	0.0464553
0.0985584	0.132804
0.217105	0.00103644
0.262141	-0.0864268
0.184937	0.112468
0.340095	0.215601
0.277439	0.243859
0.278504	0.154783
0.238941	0.0442063
0.126238	0.085969
0.151018	0.0139333
0.235568	-0.0939521
0.210228	0.0285589
0.0955029	0.180449
0.0481925	0.479172
0.0551478	0.337069
-0.0262553	0.218498
0.272074	0.318304
0.305306	0.0965107
0.0514212	-0.000109248
-0.161966	0.0398458
-0.0746986	-0.00527588
0.0962607	-0.0261194
0.184618	-0.0644026
0.427936	-0.131327
0.440529	-0.113347
0.575822	0.155313
0.395001	0.230394
0.448916	0.399055
0.482137	0.403153
0.581135	0.110886
0.663739	-0.0326843
0.684841	-0.00974011
0.433801	0.20561
0.260459	0.236946
0.313004	0.302012
0.343818	0.134457
0.485741	0.090309
0.382301	0.149695
0.0239844	-0.0183272
0.0891428	-0.107407
-0.0511787	-0.107594
-0.075544	-0.103458
-0.288538	-0.013257
-0.10483	-0.245357
0.0697814	-0.163335
0.0774307	-0.00366033
0.0627951	0.250254
0.0894013	0.284663
0.158083	0.287238
-0.0757085	0.249331
-0.102958	0.366377
-0.119812	0.416404
-0.0733657	0.0533947
-0.0833313	0.22182
-0.068819	0.26975
-0.125922	0.299284
-0.293406	0.253471
-0.187092	0.169657
0.220293	0.16112
0.280449	0.389158
0.371333	0.386903
0.302682	0.347434
0.40903	0.339279
0.231064	0.239078
0.180244	0.317481
0.0545387	0.279439
-0.00207881	0.317802
0.0207358	0.0971118
0.290844	0.217502
0.130635	0.303566
0.0868562	0.201362
0.0892151	0.17398
0.19133	0.204958
0.102337	0.118231
0.125897	0.146101
0.260259	0.226462
0.182883	0.120262
0.20581	0.299685
0.336306	0.0939929
0.40612	0.18413
0.429153	0.215503
0.4443	0.255401
0.336674	0.201484
0.484663	0.185112
0.402516	0.183111
0.417517	0.233875
0.279048	0.190601
0.324451	0.18061
0.323952	0.120288
0.281967	0.317003
0.354996	0.239083
0.265108	0.130007
0.199299	0.0402073
0.351348	0.203434
0.362756	0.0417515
0.433178	-0.0198715
0.257887	0.192626
0.127377	0.364271
0.375414	0.205656
0.302376	0.119781
0.237008	-0.197462
0.247062	-0.160417
0.445069	-0.271411
0.588847	-0.303073
0.462996	-0.249656
0.359485	-0.168253
0.280398	-0.12025
0.189983	0.0545997
0.259978	0.154219
0.493054	0.205179
0.47751	0.0401899
0.292351	0.0787106
0.222765	0.227716
0.392849	0.077245
0.375886	0.104048
0.266143	0.191706
0.236889	0.184541
0.0690424	0.386925
0.132197	0.367384
0.466416	0.321559
0.513987	0.2426
0.442876	0.17614
0.265873	0.371422
0.26716	0.208005
0.373757	0.00353164
0.10541	0.181314
-0.0611349	0.0387555
0.167264	-0.0422052
-0.0193307	0.0700804
-0.00267717	-0.00306884
0.0407371	-0.0748803
0.111574	-0.187896
0.258913	0.34016
0.169611	-0.0194662
0.325633	-0.00722607
0.283884	0.197714
0.150419	0.175012
0.211024	0.100083
0.408269	0.283019
0.171334	-0.032558
0.109885	-0.242123
0.253723	-0.144116
0.593198	0.329196
0.477732	0.183605
0.445328	0.224147
0.391351	0.32403
0.328345	0.170297
0.330027	0.141668
0.346658	0.0587123
0.25646	0.232104
0.0821472	0.170408
-0.000950154	0.231979
-0.0916495	0.170698
0.172098	-0.0264296
0.140073	0.034516
0.196439	-0.103737
0.410465	-0.152084
0.319546	0.0616578
0.40694	0.020889
0.357903	-0.0341159
0.421591	0.00843913
0.341414	-0.0485274
0.146778	-0.180201
0.0685833	0.00364271
0.0458514	0.0841094
0.10955	0.150566
0.459765	0.232715
0.360346	0.154233
0.403299	0.186382
0.325015	0.19435
0.318003	0.180843
0.338584	0.111618
0.252006	0.308775
0.298919	0.337294
0.262439	0.386914
0.269022	0.34766
0.0420738	0.204041
0.311414	0.460423
0.203797	0.152516
0.194115	0.309795
0.334098	0.317233
0.400099	0.0732022
0.233166	-0.178011
0.236702	-0.0907249
0.364696	-0.209775
0.311883	0.0207904
0.294136	0.0681588
0.437983	0.299935
0.308063	0.0942388
0.263252	0.100664
0.129079	0.177988
0.0638203	0.261309
0.117651	0.000183335
0.0265309	0.0929474
0.299392	0.00135505
0.34633	0.0195936
0.449171	-0.103231
0.156802	0.0540848
-0.0755261	0.0522869
0.00504862	0.12589
0.101094	0.0606818
0.0951901	-0.0149794
0.128573	0.209287
0.147708	0.251079
0.190959	0.196003
0.130705	0.0798397
0.0839361	0.0446568
0.012777	0.252228
0.268637	0.204772
0.135987	0.132066
0.229228	0.122021
0.273294	0.150983
0.0605541	-0.094913
0.218209	0.115997
0.425517	0.0999422
0.311146	0.306904
0.252638	0.283174
0.191131	0.119551
0.0141711	0.0316755
0.105445	0.000387899
0.172856	-0.0742032
0.192537	-0.104636
0.156987	0.0139859
0.254411	-0.118259
0.287415	-0.0962834
0.178155	-0.0979296
-0.00511778	-0.114683
-0.114584	0.104697
-0.227875	0.155074
-0.316914	0.260635
-0.238133	0.147153
-0.213803	0.0716872
-0.340114	0.248025
-0.0921794	0.233676
-0.1979	0.159178
-0.261777	0.0797188
-0.21308	0.0708723
-0.0411525	0.0972209
0.104224	0.0142151
-0.0336402	0.183833
0.00934197	0.0781329
0.120877	-0.0121775
-0.166001	0.117507
0.0299178	0.026031
0.142061	0.0639459
0.184725	-0.00512477
0.0319776	0.104956
0.0547331	0.272102
0.235727	0.66083
0.31886	0.358383
0.283332	0.0809984
0.378767	0.0919657
0.353215	0.248684
0.290776	0.104293
0.312541	0.141903
0.0754333	0.118251
0.126136	0.00861104
0.134404	0.115335
0.197551	0.0646353
0.0230219	0.0872742
-0.0574558	0.247426
0.0398514	0.242691
0.176642	0.259954
0.21187	0.157972
0.221114	0.174494
0.28899	0.126705
0.191293	0.267867
0.10528	0.354972
0.275957	0.340134
0.224871	0.416184
0.130073	0.129806
0.161728	0.0202223
-0.00733534	0.21399
0.0749702	0.252049
0.0554335	0.326552
0.112356	0.392882
0.106855	0.252131
-0.0388076	0.325546
0.00785787	0.36217
0.280874	0.439115
0.408808	0.253488
0.290376	0.0511312
0.429884	0.195233
0.0994868	0.353532
0.162267	0.256073
0.256418	0.0637
0.0094187	-0.0978422
0.0145367	-0.104418
0.0367031	-0.128615
0.0448981	-0.135397
0.129128	-0.0488007
0.271886	0.107674
0.272446	0.151314
0.189781	0.314381
0.260708	0.21367
0.257452	0.181015
0.341309	0.188017
0.342644	0.129116
0.0993971	0.264708
0.0817535	0.0168551
0.201059	0.00867416
0.122287	0.0154641
-0.0713073	0.236556
0.0262565	0.336345
0.0119933	0.331489
0.284898	0.15791
0.492726	0.0967612
0.271066	0.0956844
0.220478	0.0770581
0.223704	0.11666
0.23712	0.0998603
0.251116	0.114271
0.222309	0.118388
0.343523	0.164018
0.246724	0.11314
0.266837	0.104216
0.271458	0.0630612
0.246992	0.144325
0.163575	0.131741
0.346397	0.163751
0.177092	0.0921265
0.0778811	0.0268004
0.137248	0.0777666
0.0822305	0.0264733
0.0653089	0.154338
0.0435351	0.302673
0.230541	0.323289
0.176926	0.415667
0.0975642	0.153863
0.176035	0.20998
0.313598	0.270165
0.225741	0.233555
0.0651237	0.0632132
0.141017	-0.0378088
0.126078	0.160775
0.15492	0.36417
0.132875	0.340718
0.200915	0.464077
0.209142	0.227167
0.365708	0.390133
0.265981	0.467571
0.173792	0.198242
0.202137	0.0619646
0.11772	-0.0753788
0.113735	-0.199339
0.056919	-0.054927
0.159757	0.0967077
0.139632	0.125428
0.313816	0.122233
0.183579	0.225842
0.28588	0.197496
0.367952	0.14153
0.377041	0.235527
0.445837	0.115859
0.365723	0.297254
0.399038	0.276926
0.403754	0.263107
0.364889	0.0640773
0.0917671	-0.0543747
0.0368862	-0.0441716
-0.119642	0.0232634
-0.295967	-0.00114356
-0.304842	-0.0614349
-0.0995206	-0.0670652
-0.101416	-0.179646
0.125882	-0.295411
0.185612	-0.145627
0.0901138	0.0370343
0.184814	-0.00203786
0.158902	-0.013597
0.163892	-0.118441
0.0260256	-0.214516
-0.276308	0.0629782
-0.0973783	0.197989
-0.0921187	0.222454
0.0300244	0.170853
0.278669	0.0217686
0.448091	-0.118621
0.279325	0.064963
0.236576	0.100463
0.32618	0.131288
0.281169	0.0786999
0.411026	-0.0115363
0.429183	-0.0492241
0.469971	-0.0192488
0.443412	-0.0145168
0.343374	-0.0698878
0.160783	0.0143696
0.186019	0.229007
-0.0373169	0.368325
-0.203313	0.450298
-0.211734	0.430192
-0.0662616	0.077218
-0.00486724	0.156899
-0.0560963	0.0355555
-0.145185	0.032617
0.129675	0.159688
0.109361	0.115123
-0.00615213	0.295265
0.175721	0.170494
0.325629	0.147708
0.169363	0.280738
0.16841	0.305716
0.0448284	0.132569
0.103912	0.115026
0.225905	0.141222
0.149559	0.204756
0.244001	0.545776
0.156259	0.262416
0.102744	0.296553
0.23455	0.178027
0.259919	0.113231
0.0667106	0.132201
0.107419	0.350425
0.310764	0.294882
0.169207	0.0892426
0.100106	0.276723
0.368781	0.243621
0.372966	0.144634
-0.0129579	0.121043
-0.103846	0.271555
-0.110561	0.312689
0.0349263	0.109651
0.138447	-0.0627723
0.232103	-0.302502
0.105358	-0.181291
0.0646335	-0.178948
0.0154544	-0.120991
0.0414943	-0.158075
0.193508	0.178189
0.351006	0.210827
0.376119	0.106148
0.255664	0.140821
0.348067	0.228068
0.251024	0.0828672
0.27517	0.0667284
0.248225	0.181338
0.217953	0.176516
-0.118195	0.14686
0.125041	0.388405
0.0390487	0.199213
0.0229995	0.0410371
0.087891	-0.0103399
0.0321052	0.0309759
-0.107806	0.0273214
-0.0735938	-0.176414
-0.0304638	-0.140887
-0.10699	-0.0515978
-0.250113	-0.0883191
0.0255865	0.0480079
-0.125655	0.455384
-0.00692008	0.227173
0.119175	0.10663
0.020292	0.0724264
0.161072	0.0738938
-0.0268955	0.358041
-0.0520971	0.0208364
0.1269	-0.0647457
0.405783	0.198494
0.166163	0.262261
0.0929019	0.0553383
0.0153353	0.183583
0.0299738	0.241388
0.0646877	0.0912407
0.133308	-0.0472629
0.045425	-0.0353425
0.0776597	-0.00304198
-0.0689788	0.0490933
-0.19452	-0.0427899
-0.0610405	-0.0259006
-0.041956	-0.207508
-0.00820291	-0.166257
0.0471967	-0.139045
0.105625	-0.00377987
0.302513	0.164305
0.144437	-0.0382713
0.147339	0.110242
0.0987794	0.259592
-0.0532926	0.295924
0.224737	-0.0234706
0.20766	0.00461457
0.293377	-0.0556373
0.284471	-0.031849
0.342694	0.149166
0.357012	0.152944
0.394574	0.143139
0.358892	0.185405
0.430773	0.296779
0.395793	0.255341
0.537145	0.20066
0.452066	0.187295
0.508611	0.1515
0.499003	0.225158
0.337731	0.160178
0.434357	0.003759
0.230385	-0.1882
0.150082	-0.10017
0.19797	0.0292418
0.20563	-0.0269938
0.231166	-0.0349469
0.246846	0.114301
0.115614	0.166926
0.105618	0.229145
0.183547	0.195534
0.392549	0.126397
0.383464	0.163944
0.2931	0.280913
0.174117	0.313794
0.229879	0.298293
0.371746	0.180669
0.223312	-0.0723821
0.303846	-0.192181
0.320748	-0.0473477
0.298038	0.0258968
0.236761	-0.0854774
0.254845	0.212143
0.134973	-0.0298853
-0.0212106	0.122126
0.00107094	0.0843227
0.2299	0.189556
0.248042	0.0978721
0.161093	0.00719673
0.122565	0.0330135
0.289763	0.128272
0.310263	0.112263
0.190318	-0.0222614
0.185873	0.185202
0.0982962	0.175594
0.105306	0.229459
0.23505	0.387607
0.331	0.0995334
0.0824443	0.163475
-0.0176754	0.131716
0.0117265	0.140881
-0.0514958	-0.00678707
0.0353814	0.0744745
-0.0474495	0.180884
-0.0036325	0.136195
0.193489	0.0512188
0.278683	0.16042
0.298106	0.0865764
0.258288	0.155383
0.404578	0.108713
0.552121	-0.160798
0.349325	0.0247072
0.262773	0.0201279
0.296743	0.178655
0.334841	0.219756
0.334914	0.1144
0.340578	0.124635
0.328536	0.10483
0.306277	0.288042
0.324843	0.350042
0.215198	0.279056
0.0654565	0.202946
0.243562	0.193488
0.300972	0.138206
0.416708	0.209854
0.494611	0.16276
0.356578	0.173798
0.0173123	0.18767
0.0724711	0.0682214
0.160296	0.120096
0.163925	0.16009
0.332066	-0.000586621
0.381151	0.00721271
0.182818	-0.0450472
0.248124	0.0779068
0.565534	0.0363577
0.26308	0.107851
0.134546	0.206585
0.0166605	0.263673
0.214193	0.305646
0.282598	0.262115
0.0791522	0.242704
0.134189	0.305708
0.182321	0.270909
0.244865	0.0600674
0.182426	0.211854
0.115247	0.379662
0.272314	0.20496
0.309552	0.198055
0.115433	0.259081
0.0887	0.236701
0.264286	0.308036
0.189518	0.293428
0.402297	0.439691
0.335995	0.36234
0.306147	0.144856
0.136002	-0.120081
0.318923	-0.238852
0.214974	-0.180455
0.386352	-0.0239129
0.409914	0.224203
0.35073	0.10897
0.268821	0.0630006
0.249143	0.0228
0.266573	0.0452083
0.170913	0.161428
0.329323	0.103673
0.450384	0.0597384
0.147395	-0.0589122
0.0943586	-0.114565
0.0517529	-0.0341408
0.27306	0.0187803
0.225233	0.252276
0.446166	0.16512
0.56868	0.0612014
0.592367	0.0426767
0.460967	0.174047
0.224388	-0.000523355
0.341077	0.0234661
0.216698	-0.0639596
0.106377	-0.034367
0.217569	-0.02354
0.203269	0.001368
0.284457	-0.0334591
0.324228	-0.0355286
0.246898	0.0382458
0.297667	0.0808222
0.472665	0.0525587
0.484131	0.242887
0.306305	-0.00137229
0.324951	0.0480841
0.459946	0.175485
0.415844	0.018023
0.468555	0.0479347
0.359773	0.15039
0.304273	0.153282
0.272181	0.14433
0.295399	0.12051
0.309984	0.18589
0.340437	0.232669
0.365727	0.219645
0.346136	0.193361
0.376067	0.23342
0.371396	0.229389
0.377366	0.234119
0.146353	0.291561
0.235867	0.256051
0.235874	0.280983
0.354598	0.224409
0.516378	0.0788941
0.494215	0.00495952
0.189978	0.379603
0.349553	0.223057
0.430191	0.0550518
0.415566	0.210076
0.45979	0.173478
0.539588	0.162201
0.372025	0.223551
0.288926	0.181243
0.434686	0.0959844
0.474438	0.145664
0.475951	0.134475
0.505467	0.177062
0.382558	0.107832
0.265264	0.05867
0.231714	-0.0237758
0.354035	-0.236947
0.345215	-0.34851
0.540602	-0.305043
0.468809	-0.0736586
0.481966	0.0323868
0.339149	0.161397
0.310125	0.19646
0.25173	0.283452
0.258299	0.283469
0.351102	0.185601
0.102746	0.295692
0.274256	0.263006
0.240833	0.296872
0.162724	0.308825
0.323547	0.268868
0.313133	0.177422
0.252945	0.277925
0.300154	0.129126
0.219096	0.0282115
0.14492	-0.0392661
0.199503	0.0167796
0.301138	0.135738
0.300858	0.0883155
0.360643	-0.0248451
0.379796	-0.080612
0.402805	0.0751331
0.627408	0.245682
0.449132	0.15374
0.413421	0.0396268
0.449758	0.0496722
0.345509	-0.11206
0.3141	-0.0219925
0.354837	-0.0485002
0.397352	0.0818031
0.343968	0.277992
0.168357	0.0944491
0.386408	0.0688771
0.222439	0.0384696
0.0683091	-0.126477
0.0662394	-0.227056
0.0787046	-0.0985355
0.0744417	-0.128894
0.0187692	-0.117423
-0.0256104	-0.103255
-0.0154245	-0.0626785
0.0619764	0.126737
0.138029	0.0968113
0.0843932	0.142933
0.0219358	0.0791184
-0.0197798	0.0193853
0.0232067	0.0113091
0.011172	0.0949833
-0.00976784	0.100559
0.133208	0.149782
0.187214	-0.0222559
0.140269	0.0308497
0.164198	-0.0569466
0.206817	0.117492
0.133916	0.210365
0.0172454	0.250359
0.29322	-0.100654
0.11135	-0.0928642
0.195951	0.0375368
0.353531	0.143003
0.187941	0.30534
0.25547	0.206196
0.260049	0.0750741
0.268961	0.19023
0.0448333	0.397726
0.104738	0.322867
0.156759	0.265135
0.176418	0.296811
0.231032	0.271648
0.355173	0.236961
0.465578	0.270818
0.422059	0.294136
0.372085	0.153967
0.0503149	0.199826
0.126357	0.152931
0.33141	0.235305
0.241471	0.0131227
0.383478	0.179629
0.378921	0.0959337
0.277758	0.211609
0.20204	0.0741167
0.215166	0.18993
0.290237	0.122649
0.281554	0.0939992
0.252216	0.104585
0.186456	0.161705
0.370526	0.141312
0.331274	0.280063
0.298567	0.152461
0.349386	0.0740448
0.220674	0.195533
0.0908028	0.31792
0.3051	0.175612
0.256593	-0.0299662
0.0665055	-0.0110816
0.136289	0.346305
-0.0546026	0.308467
0.211702	-0.0252626
0.323505	-0.0209578
0.263284	0.123395
0.223006	0.155268
-0.204699	-0.0704033
0.315886	-0.0341013
0.230571	0.0462486
0.231311	0.0268587
0.300703	-0.0142662
0.292246	0.0276137
0.224155	0.157718
0.195669	0.153297
0.18277	0.10731
0.253338	0.193557
0.213772	0.0609297
0.0362908	0.262563
0.250644	0.354592
0.190685	0.172279
0.168493	0.123787
0.0879382	0.150876
0.128409	0.145957
0.0513444	0.220727
0.185911	0.191071
0.211134	0.311701
0.158152	0.245255
0.0977748	0.337983
0.188514	0.355125
0.236676	0.245717
0.291087	0.0589661
0.538795	-0.0286508
0.471995	0.256016
0.389684	0.136974
0.436492	0.218955
0.352595	0.187056
0.376055	0.18828
0.362394	0.226304
0.34237	0.209376
0.341288	0.223847
0.34975	0.235842
0.147611	0.484766
0.279024	0.322622
0.278261	0.357777
0.300384	0.306879
0.157743	0.16091
0.113019	0.18953
-0.0167568	0.207013
0.0823367	0.0442156
0.0134143	0.245583
-0.0383674	0.145882
-0.00580171	0.114983
0.12038	-0.031768
0.287019	0.310854
0.284958	0.311516
0.209233	0.286222
0.0890786	0.150314
0.0698755	0.225271
0.207435	0.363492
0.132098	0.262771
0.149317	0.126666
0.15471	0.179559
0.0989583	-0.0136709
0.15831	0.0170423
0.237617	0.310193
0.161663	0.131637
-0.0766745	0.127053
0.167788	0.259204
-0.0429191	0.099395
-0.038774	0.144829
0.0271632	0.235801
0.0658698	0.341221
0.194838	0.0871049
0.315525	0.388491
0.401168	0.385517
0.481311	0.259496
0.429391	0.205839
0.557749	0.305547
0.492874	0.24993
0.439659	0.221097
0.417964	0.123593
0.271613	0.0734668
0.335913	-0.235228
0.44468	-0.234813
0.402567	-0.130367
0.328033	-0.0101022
-0.0407984	0.257232
0.135689	0.174851
0.123106	0.275444
0.0636125	0.270394
0.03075	0.213891
0.220511	0.173548
0.0925439	0.084546
-0.0108041	0.0691568
-0.07051	0.0442676
-0.0868155	0.0444844
-0.039245	0.0353422
0.017755	0.122859
0.131025	0.0287779
0.279972	0.112361
0.427589	0.248043
0.339801	0.268203
0.277888	0.144017
0.251414	0.163799
0.248278	0.148225
0.098442	0.245192
-0.0305484	0.205046
0.0857762	0.308066
0.025127	0.118207
0.0832598	0.0875544
0.150099	0.060811
0.119107	0.0947326
0.28164	0.200552
0.352165	0.200307
0.317374	0.23016
0.199453	0.0822573
0.135404	0.261242
0.085994	-0.0673012
0.125647	0.128976
0.101229	0.173952
-0.0373062	0.137441
-0.0634898	0.0395142
0.00776803	0.317252
0.0503266	0.363232
-0.0434375	0.292562
-0.118444	0.0778806
-0.139166	0.264444
-0.0516876	0.199568
0.0744088	0.200105
0.244485	0.0997125
0.250768	0.315264
0.222894	0.40551
0.182223	0.282133
0.211347	0.163646
0.234714	0.0382764
0.191365	0.340791
0.197329	0.149991
0.198704	0.0573669
0.275295	-0.0713768
0.349132	-0.0280714
0.3333	0.140759
0.148729	0.0816525
-0.0845955	-0.148683
-0.0301565	-0.200989
-0.0511997	-0.090298
-0.0504064	-0.0680246
-0.0673036	-0.190853
0.0287165	-0.204987
0.0570452	-0.262781
0.106889	-0.228963
0.130952	-0.165401
0.20707	0.216887
0.263807	0.294441
0.26863	0.192713
0.276448	0.194176
0.377667	0.433536
0.50573	0.257983
0.309932	0.405964
0.208006	0.408175
0.201769	0.261754
0.219415	0.160282
-0.0819163	0.307422
0.0840435	0.152353
0.116224	0.078748
0.0394048	0.120139
-0.0522616	0.122733
-0.18266	0.0130371
0.137403	-0.0683648
0.201739	-0.047426
0.0317695	-0.0362073
-0.116872	0.0310079
0.0294058	-0.118649
0.0425134	0.0152953
-0.0669286	0.0580129
-0.0721321	-0.00657024
0.116802	0.0888387
-0.0999946	0.232071
-0.0870981	0.122656
-0.13758	0.194366
0.00652274	0.215414
-0.117829	0.248646
0.00760868	0.455353
0.0191999	0.53294
0.033018	0.435235
0.0245563	0.32116
0.120977	0.202179
0.426771	0.216281
0.36637	0.13204
0.394531	0.145693
0.435531	0.185383
0.452553	0.172753
0.311625	0.184822
0.248076	0.227394
0.164539	0.395016
0.276872	0.150614
0.281546	0.0745311
0.347924	0.380431
0.241294	0.155216
0.329038	0.100882
0.407075	0.167698
0.289307	0.233178
0.264459	0.305114
0.2915	0.306473
0.352405	0.113707
0.334224	-0.0373126
0.497395	-0.0208924
0.356502	0.0238639
0.296133	-0.00152045
0.120528	0.0106701
0.141831	0.00859487
0.060293	0.121924
0.208986	0.361421
0.0413054	0.262193
0.11016	0.179765
0.278491	0.156905
0.297742	0.118517
0.171412	0.091444
0.235175	0.255229
0.248452	0.300949
0.155137	0.201713
0.208279	-0.00457042
0.253378	0.15346
0.338642	0.104703
0.389025	0.121651
0.500811	0.19446
0.398672	0.0439781
0.21701	0.0423354
0.274874	0.0285837
0.213546	0.136769
0.164623	0.169227
0.117461	0.214543
-0.0264257	0.0256004
-0.0730652	0.0184631
0.00325387	0.0664063
0.0263828	0.156482
0.0851321	0.0139897
-0.0486145	0.264491
0.127057	0.0337238
0.298229	-0.0348359
0.362331	-0.012259
0.303607	0.116854
0.346272	0.23039
0.477187	0.104581
0.454972	0.0783584
0.395093	-0.00224881
0.566867	0.187554
0.336518	0.153569
0.359441	-0.0183162
0.502639	0.086266
0.562774	0.178583
0.424396	0.111534
0.252932	0.167589
0.19084	0.243263
0.119506	0.0897165
0.0877557	0.15095
0.135111	0.0953191
-0.00736904	-0.0982596
-0.211207	0.128888
-0.114072	0.0118797
-0.0561154	-0.0833655
0.179968	0.0205522
0.207011	0.223321
0.122036	-0.11676
0.0736278	-0.109653
0.0421903	-0.0176733
0.104525	0.0720704
0.272996	0.1508
0.269126	0.166353
0.262954	0.0427907
0.292244	0.0324311
0.348281	0.140071
0.165161	0.317051
0.100197	0.161135
0.129373	0.122044
0.0500268	0.144591
0.0588351	0.0968272
0.0613417	0.169509
0.1361	0.299017
0.296723	0.419697
0.409792	0.359691
0.293489	-0.0558137
0.059584	0.0714863
-0.110295	0.333011
-0.175467	0.270167
-0.178438	0.0628646
-0.11123	-0.0717004
-0.0689642	-0.0873879
-0.0605378	-0.108592
0.018575	-0.0972431
0.0873984	-0.0938465
0.18382	0.0473289
0.135918	0.137241
0.0948825	-0.0196936
0.175581	0.0525552
0.171845	0.112775
0.171526	0.339978
0.280772	0.235709
0.152874	0.281037
0.324931	0.352822
0.335826	0.26185
0.0837677	0.273365
0.127758	0.0812694
0.251783	0.143387
0.185063	0.12912
0.118598	0.244807
0.115757	-0.0780524
0.17168	0.0497422
0.156713	-0.00838813
0.0549017	0.1361
0.137631	0.43216
0.289815	0.335948
0.252834	0.441652
0.0875428	0.177012
0.275706	0.111744
0.431794	0.329777
0.208844	0.361346
-0.00311389	0.244528
-0.0349315	0.340113
-0.17752	0.146176
-0.355316	0.0414366
-0.383162	-0.031417
-0.419718	0.156274
-0.259698	0.205389
-0.272985	0.143488
-0.19154	0.0360694
-0.118297	-0.040951
-0.154224	-0.079264
-0.164303	0.0560145
-0.154985	0.11064
-0.347315	0.238135
-0.226385	0.289603
-0.0569626	0.230276
0.0836676	0.527024
0.00296305	0.496074
0.017502	0.48391
0.0790527	0.400533
0.273755	-0.0373737
0.273185	0.146236
0.201087	0.161404
0.16443	0.312939
0.138615	0.403086
0.184353	0.192535
0.233223	0.0860739
0.309739	-0.124992
0.166236	-0.167604
0.161431	-0.110661
0.302805	0.177382
0.372464	0.0573082
0.356121	0.118507
0.347419	0.160758
0.259432	0.165613
0.216162	0.174471
0.290697	0.168739
0.265981	0.185429
0.256636	0.14733
0.392074	0.244255
0.421786	0.289379
0.480406	0.254923
0.342949	0.187754
0.408416	0.17512
0.437657	0.226946
0.280527	0.438248
0.322189	0.179049
0.210276	0.0970702
0.129668	0.0614797
0.0934783	0.0258111
0.307385	-0.165322
0.359014	-0.279603
0.259528	-0.257905
0.127567	-0.196413
0.0177975	0.0189183
0.169012	0.00195068
0.351144	0.0467082
0.440051	0.0536179
0.366265	0.114081
0.385083	0.110012
0.5807	-0.0372771
0.460879	0.0536964
0.497373	0.0582282
0.326665	0.082749
0.0927199	-0.110337
0.000926461	0.0587879
-0.200863	0.0811617
-0.301359	0.0360252
-0.246414	0.0150604
-0.237488	-0.135523
-0.126366	-0.152957
-0.194777	-0.174398
0.0235042	-0.130867
0.120243	0.0155413
-0.0350163	0.11999
0.0436389	-0.0224188
0.0379347	0.307381
0.130066	0.259858
0.165512	0.414858
0.268214	0.403952
0.0451531	0.118905
0.185678	0.155385
0.311376	0.240513
0.452112	0.239314
0.369544	0.321316
0.0715258	0.201058
0.0995921	0.236205
0.117589	0.405075
0.0886353	0.342171
-0.0372068	0.458941
0.0450309	0.332929
0.0268139	0.737473
0.115692	0.460734
0.200208	0.210631
0.30798	0.118597
0.335524	0.0467045
0.248532	0.0504616
0.219591	0.237723
0.3928	0.212094
0.412058	0.107806
0.33603	0.130035
0.296133	0.0158323
0.186062	0.00454298
0.0405726	-0.188522
-0.166126	-0.141064
-0.146578	0.0632756
-0.168913	0.109582
0.0533108	0.0758442
0.224383	0.0410898
0.230727	0.0545962
0.344514	0.108797
0.373865	0.137768
0.276899	0.145709
0.132786	0.265507
0.158011	0.256225
0.144229	0.242255
0.153805	0.077184
0.191401	-0.0121593
0.214257	0.0100426
0.273467	-0.0186645
0.237276	-0.0548516
0.295952	-0.182459
0.440641	-0.15364
0.463673	-0.142722
0.433018	-0.168907
0.395375	-0.10389
0.49247	0.0751553
0.602304	0.0756156
0.482952	-0.0532647
0.235487	0.0579284
0.492285	0.0842693
0.283585	0.0654637
0.0929388	0.0814008
0.177237	0.22865
0.0897628	0.223846
0.353094	0.200357
0.196742	0.203131
0.135516	0.263829
0.218021	0.382479
0.181726	0.216484
0.120354	0.369951
0.159538	0.223738
0.0743335	0.0915919
0.180776	0.0901391
0.380401	0.122595
-0.0748753	0.169839
0.0647447	0.132154
0.258715	0.139405
0.496962	0.363794
0.459296	0.363513
0.347581	0.172209
0.390043	0.242504
0.414534	0.359507
0.281636	0.284704
0.149645	0.260324
-0.00595297	-0.318947
0.0726094	-0.314244
0.0884971	-0.259036
0.00738851	-0.0416782
0.137002	0.0723103
0.274826	0.0462381
0.365139	0.0555978
0.364991	0.238181
0.461272	0.176788
0.414532	0.000669996
0.280723	-0.0735112
0.302887	-0.0638693
0.20567	0.0652801
0.211006	0.140166
0.420108	0.259195
0.167314	0.456988
0.122921	0.34035
0.0401249	0.203436
-0.0332134	0.328913
0.0551969	0.34693
0.00964728	0.278489
0.0121553	0.130391
0.183264	0.115719
0.148334	0.143828
0.169912	0.101597
0.173034	0.030348
0.230234	0.124927
0.23944	0.154377
0.272564	0.0194854
0.242819	-0.0478588
0.273263	0.070012
0.310927	-0.127677
0.30591	-0.0946441
0.285199	-0.169247
0.447121	-0.216864
0.244166	-0.0592454
0.248012	-0.0161277
0.198115	-0.036942
0.353726	0.0956355
0.414107	-0.0461846
0.102631	-0.0516836
0.11052	-0.0652119
0.0463878	0.00205752
0.0563123	-0.0630339
-0.0484416	-0.2268
-0.0387062	-0.0216861
-0.0586713	-0.0738617
-0.105094	-0.0775098
-0.0327071	-0.0176774
0.031399	-0.0307182
0.232734	-0.00704252
0.224661	0.0131608
0.202101	0.0289561
0.202995	-0.0776251
0.169238	-0.0831763
0.00817354	0.138147
0.00959544	-0.0921335
0.104787	-0.176083
0.160158	-0.218121
0.0233408	-0.148784
-0.0380766	0.114702
0.320319	0.227
0.271061	0.103631
0.162144	0.00435906
0.242191	0.00653871
0.257796	0.045861
0.569528	-0.044299
0.469929	0.225671
0.518555	0.28854
0.218761	-0.0440106
0.0775999	-0.195794
-0.139787	0.11554
-0.0548108	0.151672
-0.159138	0.161664
-0.000574186	0.259928
0.243466	0.0655782
0.238653	0.224101
0.334051	0.18304
0.303147	0.0348838
0.294084	-0.0606726
0.230861	0.156683
0.316613	0.0853315
0.351931	0.161211
0.300905	0.0516833
0.273097	0.0451035
0.200711	0.338946
0.283421	0.339322
0.124635	0.30269
0.200656	0.265342
0.379516	0.250448
0.416867	0.192185
0.444637	0.17556
0.504017	0.286583
0.472519	0.382573
0.324188	0.180687
0.229508	-0.154446
0.241686	-0.475609
0.287204	-0.406925
0.24996	-0.288519
0.227663	-0.39286
0.635124	-0.0508671
0.541864	0.104819
0.484227	0.171075
0.394533	0.190719
0.347672	0.236136
0.324162	0.0378874
0.203686	0.0978471
0.166169	0.124843
0.156473	0.216587
0.0240614	0.321311
-0.00212781	0.279689
0.243323	0.353936
0.29379	0.395712
0.0946012	0.101557
-0.0426756	-0.00171364
0.0413616	-0.0632714
0.196822	0.122865
0.1821	0.124072
0.131598	0.104662
0.0307437	0.292285
0.124389	0.247734
0.468387	0.0562101
0.329141	0.0207532
0.136643	0.116354
-0.0398489	0.147131
0.142778	0.578791
0.192781	0.139757
0.138034	0.110297
0.16949	0.126438
0.275452	-0.021501
0.292124	0.114311
0.151507	0.288748
0.123837	0.316536
0.172487	0.21953
0.221772	0.121453
0.245898	0.204239
0.299252	0.128234
0.356402	0.0673314
0.409401	0.0446574
0.335768	0.095032
0.262138	0.0750922
0.302954	0.0678071
0.343017	-0.0523448
0.357093	-0.0710311
0.322928	0.0125618
0.295762	-0.00395822
0.399733	0.0715744
0.331129	0.0631647
0.29492	0.10779
0.38621	0.231548
0.291114	0.221467
0.263506	0.275546
0.230395	0.306475
0.184606	0.455942
-0.0072256	0.372681
-0.0982741	0.271918
-0.0844962	0.585993
-0.158588	0.532139
-0.117158	0.41302
-0.06173	0.177826
0.243953	0.152741
0.375732	0.175843
0.380543	0.140943
0.351586	0.148264
0.336808	0.166064
0.48437	0.197074
0.205837	0.298669
0.100992	0.412146
0.113851	0.420101
0.0749401	0.390631
0.333258	0.111219
0.243416	0.0358805
0.289355	0.212838
0.302929	0.235959
0.24842	0.0966378
0.1876	0.102309
0.189228	0.0609726
0.227015	0.0131039
0.264699	0.0736159
0.284586	0.0915216
0.226313	0.126411
0.185934	0.194956
0.227392	0.262951
0.261066	0.19891
0.410841	-0.0506561
0.270067	0.0585616
0.308786	0.195427
0.445584	0.0693706
0.479414	0.171619
0.473803	0.146316
-0.00161072	0.0408933
-0.00598263	0.127199
0.0914113	0.152952
-0.00177267	0.166289
-0.00585841	0.134449
0.0931146	0.00614247
0.178051	-0.0458317
0.130634	0.134716
-0.00585425	0.229786
0.116091	0.197692
0.18869	0.310949
0.201262	0.210383
0.247139	0.202755
0.0834707	0.142121
-0.147856	0.0973464
-0.0422398	0.0922088
-0.0912041	0.143819
0.124905	0.182157
0.295133	0.182115
0.0922094	-0.0154546
0.0253605	-0.0931923
-0.229015	0.195383
-0.218796	0.197131
0.00404509	0.0164311
0.0930636	-0.127222
0.0868557	-0.0364706
0.0739638	0.0706249
0.136167	0.131895
0.15953	0.177421
0.0741967	0.176281
0.126998	0.0925781
0.10548	0.224123
0.374977	0.215177
0.331243	0.0837294
0.190308	0.0295916
0.132691	-0.0823
0.0222996	-0.110733
0.0104261	0.0139906
0.0503651	0.192412
0.239678	0.205261
0.280214	0.119509
0.299775	0.0306269
0.361581	0.0345635
0.376193	0.102679
0.365863	0.138772
0.0615462	0.437267
0.209493	0.00762617
0.141288	-0.0464887
0.221681	-0.00630034
0.327939	-0.118788
0.303136	0.168797
0.414537	0.0412446
0.194512	0.0648402
0.138688	0.157256
0.225974	0.171421
0.227664	0.0242777
0.186718	0.101812
0.148453	0.197229
0.185125	0.0723626
0.203122	-0.0506104
0.474553	-0.176987
0.185815	-0.100792
0.114026	-0.0748156
0.124304	-0.0859416
0.209397	-0.0301276
0.31267	0.128868
0.305738	0.0079406
0.126381	0.0642012
0.170593	0.0656916
0.271113	0.280791
0.287199	0.306442
0.44853	0.0843915
0.381328	0.249015
0.257882	0.228441
0.202523	0.237649
0.244062	0.118933
0.0443595	0.313015
-0.0767485	0.283779
0.128131	0.208195
0.117305	0.0970591
0.291612	0.203653
0.191918	0.16407
0.0640293	0.184408
0.195686	0.0676162
-0.0103402	0.0243361
-0.248974	0.0509587
0.0143476	0.209672
-0.0388076	-0.0369511
-0.102216	-0.151228
-0.0548163	-0.090836
0.135238	0.0655615
0.161658	0.0871614
0.24241	0.143777
0.239356	0.0459424
0.30545	0.0983647
0.126599	0.116276
0.00257368	0.29964
-0.0814224	0.46167
-0.035309	0.294696
0.0344034	0.278447
-0.0998557	0.249513
-0.0340409	0.297674
-0.074982	0.284049
-0.0624707	0.137985
0.0721096	0.259824
0.0754055	0.401408
0.0939855	0.358419
0.0217015	0.281262
0.155495	0.157063
0.268284	0.191601
0.234018	0.16781
0.183649	0.143966
0.140446	0.182935
-0.321705	0.572108
0.0362843	0.107201
0.0775628	-0.0822586
0.00669156	-0.0109531
-0.0286055	0.0189043
0.0255577	-0.12231
-0.114289	0.128231
-0.141663	-0.0136845
-0.0251231	-0.0271399
-0.017759	0.132751
0.0333346	0.114506
0.326464	0.130406
0.102468	-0.00385002
0.162501	0.069275
0.207939	0.0452724
0.239627	0.0967786
0.204464	0.17563
0.251585	0.116972
0.285884	0.117635
0.339862	0.18039
0.489527	0.291157
0.107474	0.0266219
0.102197	0.0734795
0.150168	0.0104745
0.358727	0.164023
0.477458	0.186116
0.116268	0.133976
0.0814852	0.107949
0.0748892	0.215863
0.096201	0.241489
0.156672	0.285767
0.235031	0.368708
0.281608	0.195797
0.364272	0.185761
0.268583	0.00812642
0.192961	0.0690014
0.335945	-0.0667714
0.408951	-0.0383556
0.458218	0.133855
0.49106	0.251393
0.0517602	-0.0178734
-0.208528	0.0247654
-0.157608	0.0174924
-0.246348	-0.0121963
-0.182194	0.0639735
-0.202369	0.103924
-0.168073	0.0463576
-0.0896571	0.0518103
0.021057	-0.0339429
-0.0265019	0.00948566
0.181421	0.0271614
0.320905	0.403523
0.0919933	0.220679
-0.0392419	0.230133
-0.0828144	0.123466
-0.0808337	0.184634
0.000581008	0.145807
-0.0984171	0.237179
-0.0973441	0.0282792
-0.0691593	-0.198105
-0.193368	-0.0533097
-0.0296867	0.0523635
0.0641261	0.050658
0.109662	-0.0276253
0.161744	0.0656742
0.0795559	0.18993
0.0686931	0.128398
0.120409	0.152749
0.229888	-0.0151919
0.0597081	0.0087554
0.0366711	0.190856
0.151079	0.299173
0.123775	0.12927
-0.0608515	0.109484
-0.0380318	0.231832
0.0660701	0.29199
0.417928	0.0526872
0.316309	0.140096
0.310509	0.218404
0.295894	0.0815228
0.0475743	0.180877
-0.237733	0.473542
-0.238617	0.379318
-0.101182	0.400669
0.0146605	0.310914
-0.0953653	-0.0201582
0.191283	0.031181
0.239494	0.214264
0.0973043	0.278704
-0.0337953	0.231125
-0.194404	0.32637
-0.0667198	0.250983
0.182593	0.213809
0.449652	0.0543648
0.453253	0.0438928
0.276569	0.0542155
0.362947	0.111219
0.431497	0.0658385
0.509414	0.315684
0.43315	0.322157
0.434821	0.200749
0.376566	0.196766
0.38617	0.190852
0.366712	0.174564
0.318192	0.19909
0.32621	0.256022
0.387303	0.304574
0.556933	0.434152
0.523229	0.322198
0.380131	0.270577
0.432529	-0.0766676
0.139465	0.196255
0.0916715	0.0849709
-0.0231776	-0.0447011
0.17273	0.00100453
0.24172	0.142971
0.338172	0.294649
0.225953	0.104496
0.14986	-0.100841
0.175974	0.0733926
0.218932	0.131219
0.286758	0.216396
0.0976495	0.289436
0.114723	0.18572
0.0392884	0.065761
-0.0614213	0.217066
0.11785	0.171754
0.141525	-0.0278605
0.298835	-0.110706
0.292341	0.135276
0.318063	0.182965
0.333393	0.128804
0.374287	0.0984398
0.37609	0.11209
0.260853	0.215157
0.217896	0.235915
0.197026	0.233618
0.265845	0.252043
0.343455	0.186637
0.0886105	0.175333
0.0067075	0.240007
-0.0480308	0.0820223
-0.132711	-0.0429757
-0.181064	0.0816447
-0.0288613	0.16781
0.0736934	0.0213735
-0.00372637	-0.0207403
0.02945	0.0245999
0.0970225	0.114492
0.131484	0.184562
0.165181	-0.0128218
0.14421	-0.00835676
0.157874	0.0856189
0.211797	0.0534947
0.200568	-0.0382839
0.165573	0.0885769
0.259923	0.186259
0.229499	0.163561
0.202539	0.142328
0.212107	-0.136179
0.294898	0.198549
0.30162	0.0343646
0.342452	0.233235
0.127135	0.292935
0.0877021	0.268058
0.20368	0.0176188
0.0859656	-0.142817
0.0398349	-0.0305501
0.0110459	0.0249748
0.0305343	0.0182418
0.0924784	0.101643
0.375666	0.1676
0.289141	0.307891
0.120439	0.346825
0.177984	0.292278
0.199145	0.041855
0.014496	-0.016579
0.0256709	0.00247926
0.0965052	0.0850373
-0.0985804	0.0730143
-0.10347	0.114748
-0.183758	0.145864
-0.0792431	0.237866
0.056413	0.312999
0.0106003	0.369676
0.0427272	0.22758
0.235496	0.159395
0.364359	0.178144
0.316291	0.207833
0.278575	0.133044
0.339684	0.221919
0.336409	0.13877
0.332871	0.00772646
0.331213	0.0662278
0.237489	0.177118
0.33046	0.188101
0.447645	0.307841
0.251631	0.31755
0.187863	0.191551
0.114383	0.229052
0.266017	0.259752
0.106897	0.255327
0.0929893	0.0847487
0.0829066	0.0922283
0.140141	0.175278
0.396012	0.0588265
0.26591	0.108384
0.113003	0.0576486
0.193268	0.247801
0.0396706	0.0650287
0.148386	0.0673624
0.146994	-0.0634514
0.160046	0.0303287
0.197928	0.10537
0.210603	0.112758
0.0705522	0.266432
0.122637	0.29671
0.252179	0.244549
0.208849	0.0442753
0.182453	-0.0158106
0.000968504	0.0760331
0.145779	0.107119
0.0548293	0.267085
0.0502211	0.225954
0.244071	0.0982522
0.0417943	0.182028
0.251301	0.0521578
0.261451	0.129397
0.204126	0.264765
0.194459	0.213251
0.368781	0.074785
0.267471	-0.0660459
0.0242711	-0.0349216
-0.0106695	0.228222
-0.0172576	0.240205
0.192172	0.0330392
0.304484	0.231146
0.323077	0.168275
0.309327	0.274878
0.237052	0.184934
0.347625	0.11113
0.532147	0.041354
0.309929	-0.00732538
0.254382	0.113101
0.270135	0.07504
-0.107308	-0.0314435
0.0646999	-0.0206463
0.141138	-0.112718
0.184821	-0.152063
0.182571	-0.0258889
0.362425	-0.0912656
0.395535	-0.242693
0.423253	-0.037449
0.51239	0.128207
0.523819	0.252021
0.4264	0.196829
0.379507	0.147174
0.339202	0.181075
0.403776	0.197979
0.468601	0.20975
0.477945	0.102808
0.448566	0.0941693
0.259827	0.04212
0.0438428	0.00213469
-0.141967	-0.123694
-0.012299	0.0844575
-0.0192367	0.174965
-0.0180877	0.146543
-0.0474217	0.161655
-0.0170597	0.385428
-0.0281512	0.237656
-0.137768	0.21391
0.0553351	0.44572
0.280875	0.429744
0.223612	0.439863
0.187162	0.14955
-0.0656262	0.0853879
-0.0624033	-0.0154009
0.0666506	0.0896764
0.0488015	0.160201
-0.193863	0.319027
0.19096	0.294351
0.210626	0.134482
0.242007	0.177956
0.262651	0.273147
0.15708	0.171078
0.263303	0.069943
0.202737	0.0181589
0.116289	0.0338257
0.0693647	0.13873
0.0807127	0.17241
0.254186	0.332576
0.3159	0.354729
0.410198	0.218082
0.349257	0.355633
0.133309	0.458508
0.131077	0.317834
-0.0499595	0.39928
-0.129025	0.409046
0.012851	0.448771
-0.0364384	0.511866
0.216638	0.407927
0.329914	0.306504
0.282414	0.242042
0.345641	0.256526
0.38408	0.269555
0.610449	0.0768297
0.455038	0.186321
0.243	0.0879209
0.276472	0.23972
0.325718	0.124262
0.38954	0.437965
0.536435	0.23833
0.658808	-0.0425522
0.391072	0.0220575
0.250508	-0.0570173
0.231974	0.130447
0.199179	0.332473
0.130248	0.293758
0.0171689	0.209309
-0.18063	0.098145
-0.0690541	0.126866
0.0293473	0.0362205
-0.0114719	0.101307
-0.0478871	0.0654039
0.0191707	0.0631513
0.158407	0.111263
0.118047	0.23747
0.0596987	0.215721
-0.0352335	0.211996
0.160192	0.323967
0.288154	0.0738493
0.232399	-0.0605007
0.165752	0.058025
0.156358	0.145191
0.155209	0.00957436
0.120738	0.210773
0.294164	0.234846
0.318292	0.260664
0.299698	0.230691
0.334869	0.188035
0.26755	0.305865
0.246613	0.24288
0.377548	0.301626
0.387458	0.0582028
0.230209	0.162226
0.267912	0.283341
0.376121	0.198285
0.377295	0.221361
0.554836	-0.0473126
0.496346	-0.227363
0.500157	-0.283332
0.475999	-0.216876
0.564143	-0.203346
0.543365	0.0245412
0.606386	-0.206486
0.637668	-0.106015
0.492107	0.00988238
0.461253	0.0194697
0.3374	0.178507
0.420272	0.020512
0.26987	0.132058
0.161138	0.171629
-0.0347275	0.285572
0.0182605	0.245004
0.00701516	0.21875
0.212516	0.163053
0.129989	0.26535
0.0322337	0.322652
0.12319	0.408636
0.197993	0.190101
0.0545017	0.111634
0.198782	0.183463
0.262658	0.35047
0.255046	0.203033
0.13768	0.0868704
0.140665	0.167047
0.251907	0.298705
0.0751008	0.152139
0.22419	0.18748
0.373211	0.158212
0.295833	0.00425294
0.50727	0.17526
0.450014	0.191498
0.238149	0.0759994
0.152458	0.0128953
0.225951	-0.126604
0.3809	0.121791
0.192771	0.0194048
0.135438	-0.0309303
0.0382404	0.102612
0.132836	0.13831
-0.00619595	0.105119
0.0958552	0.17888
0.354719	0.342071
0.407502	0.299644
0.431144	0.223451
0.313429	0.126454
0.406659	0.119118
0.430953	0.188886
0.465082	0.18266
0.267756	0.255909
0.143153	0.10256
0.14811	0.192939
0.269687	0.129485
0.274917	0.137392
0.253315	0.131876
0.255818	0.102433
0.255213	0.125241
0.25311	0.148001
0.249275	0.277686
0.451476	0.19788
0.330458	0.230463
0.319461	0.011496
0.159675	-0.157678
0.0958265	-0.305341
-0.0520536	-0.277347
-0.00975091	-0.132437
-0.00706834	-0.127252
-0.0473755	-0.182535
0.104994	-0.0597824
0.201797	-0.0472899
0.221393	0.146838
0.270087	0.204417
0.208375	0.151854
0.120283	0.313788
0.209492	0.276157
0.27238	0.196396
0.111256	0.134786
0.219968	0.0850668
0.250556	0.0719898
0.236379	0.0609844
0.219559	0.0667052
0.131233	0.127463
0.159416	0.0320555
0.257056	0.104315
0.257237	0.0575776
0.340555	0.0526691
0.265802	0.114764
0.172164	0.374418
0.356306	0.309553
0.423376	0.179624
0.25863	0.0581679
0.320707	0.111602
0.426536	0.128327
0.504946	0.0876384
0.184113	-0.0574977
0.0908456	-0.130355
0.285934	-0.0842859
0.334926	0.0885589
0.276617	0.133475
0.305397	0.205294
0.209922	0.306458
0.0873557	0.103162
0.0944235	0.115039
0.108784	0.176891
0.13541	0.36577
-0.0673617	0.304718
0.1322	0.253959
0.234925	0.211884
0.194498	0.0313278
0.299515	-0.0695346
0.26149	-0.0794716
0.245567	-0.151092
0.272182	0.0525443
0.332746	0.0797321
0.396254	0.00279147
0.531664	-0.0200277
0.35239	0.0981918
0.283109	-0.00320295
0.207742	0.131896
0.308786	0.14376
0.193927	0.075995
0.0947213	-0.139696
0.314944	-0.130775
0.373007	-0.0508419
0.340514	-0.0800383
0.354771	0.170152
0.314473	0.294044
0.30838	0.22929
0.240435	0.310054
0.311332	0.151796
0.327518	0.158628
0.33112	0.184417
0.338505	0.0760164
0.360975	0.131059
0.371764	0.1801
0.31589	0.205927
0.260159	0.3786
0.161011	0.110298
0.0971131	0.308785
0.014811	0.4247
0.457219	0.343067
0.131331	0.0765292
-0.00752119	-0.00926027
-0.0132248	-0.0394682
0.097871	-0.0496691
0.120457	-0.0117115
0.129817	-0.142999
0.137808	0.0469304
0.198329	0.185678
0.0237979	0.158267
0.0153866	0.101066
0.288635	0.0335199
-0.0634992	0.0135905
-0.010124	0.104645
0.371422	0.058044
0.219533	-0.0115757
-0.0559823	0.0422739
-0.000542748	0.196658
0.0213835	0.204847
0.183203	0.294093
0.102744	0.217525
0.247129	0.341321
0.0688215	0.476132
0.0925441	0.340689
0.223708	0.340781
0.299007	0.102781
0.142435	0.0170467
0.210027	0.107197
0.249754	0.114973
0.269794	0.0728206
0.218451	0.150104
0.020677	0.161769
0.0837088	0.0815331
0.134676	-0.0329673
0.227997	-0.116298
0.235561	-0.0228746
0.35845	0.233833
0.245936	0.113878
0.292863	0.0323348
0.481579	0.106165
0.258776	0.00556475
0.289891	0.098018
0.222794	0.143802
0.206801	0.164526
0.232671	0.255554
0.200794	0.172631
0.152582	0.23383
0.269924	0.172961
0.168625	0.206031
0.0622772	0.333815
0.237403	0.11652
0.235101	0.214753
0.366035	0.243118
0.503505	0.121299
0.420476	0.121318
0.337448	0.0303913
0.329482	0.114278
0.360334	0.213041
0.313351	0.219555
0.319101	0.180457
0.398912	0.178518
0.172019	0.252127
0.0664404	0.137504
-0.0708408	-0.0264365
-0.184139	0.0389149
0.0343793	0.0892015
0.0258566	0.130478
0.0801475	0.28228
0.0907931	0.140438
-0.0378409	0.0324766
0.0157162	0.180961
0.297702	0.195443
0.258545	0.158878
0.220226	0.214716
0.383607	0.0384531
0.23408	-0.0384655
0.0669718	-0.11492
0.0841449	-0.149666
0.230745	-0.12549
0.282423	-0.0745763
0.235417	0.0139995
0.349116	-0.141016
0.17673	-0.0334184
0.0385538	0.0512043
0.116863	0.051992
0.309004	-0.00827959
0.221027	0.232429
0.216854	0.0276833
0.195949	0.130461
0.231135	0.223645
0.129474	0.325765
0.0523288	0.341188
0.239283	0.204202
0.298735	0.215274
0.138936	0.274406
-0.0208467	0.266054
-0.0162806	0.231153
0.207161	0.223059
0.200174	0.239439
0.176382	0.191611
0.110037	0.254007
0.201044	0.105067
0.173572	0.147261
0.179996	0.140515
0.137796	0.223155
-0.0176299	0.162663
0.0232689	0.132835
0.215583	0.189309
0.122561	-0.0219457
0.165322	0.0078205
0.0805344	0.285711
-0.0154721	0.271311
0.300125	0.190728
0.50373	0.14684
0.430515	0.223867
0.4402	0.306762
0.283031	0.233655
0.36408	0.0277537
0.520721	0.0183744
0.45815	0.00949757
0.314868	-0.00878445
0.140719	0.125189
0.222484	0.000265543
0.223555	0.164557
0.212081	0.134517
0.301785	0.167947
0.574502	0.271601
0.336961	0.331577
0.380582	0.231866
0.307233	0.21283
0.240283	0.264734
0.0091272	0.190638
0.0452405	0.234904
0.21536	0.0631342
0.121309	-0.0617939
0.0722765	-0.147872
0.102303	-0.176722
0.209518	-0.355168
0.275353	-0.166634
0.40463	-0.123101
0.37115	-0.240236
0.183086	-0.0923826
0.238332	0.0521569
0.302688	0.0487053
0.335459	0.114866
0.274275	0.0657614
0.256183	0.104068
0.239762	0.0768801
0.256919	0.137303
0.318983	0.167815
0.313137	0.0280822
0.173773	-0.160019
0.176775	-0.193438
0.186159	0.0864702
0.357216	0.0380127
0.196136	-0.11417
0.0641691	-0.0478752
-0.00281766	0.0350756
0.0681216	0.0185878
0.14744	-0.0709776
0.17228	0.0364092
0.407725	-0.0555351
0.341619	0.167068
0.21665	0.226493
0.343921	0.274007
0.306985	0.261375
0.361136	0.124154
0.181628	0.260299
0.0581384	-0.0409221
0.0115791	-0.138317
0.133405	-0.022847
0.111547	0.0847936
0.039343	0.134628
0.259819	0.190273
0.381286	0.266285
0.320109	0.128964
0.199513	0.200842
0.2005	0.123305
0.210798	0.162778
0.321669	0.192561
0.355409	0.206731
0.302469	0.134698
0.184162	0.322986
0.233842	0.186095
0.252297	0.0102103
0.331821	-0.141302
0.487726	-0.407177
0.30312	-0.0894308
0.392072	0.0349461
0.330553	0.0934871
0.373971	0.171428
0.234673	0.107815
0.293498	0.135833
0.339697	0.163202
0.370459	0.194087
0.263011	0.32116
0.378939	0.197393
0.42425	0.206962
0.425815	0.182015
0.440633	0.226249
0.282735	0.292393
0.184098	0.0462914
0.188	0.018347
0.195572	-0.0292508
0.154188	0.013566
-0.0785205	0.0254926
0.0284012	0.127565
0.0384576	0.193163
0.0209174	0.195797
0.0600467	0.118115
0.0970856	0.101833
-0.0712539	0.219556
0.0089916	0.421824
-0.12038	0.337865
-0.184051	0.222501
-0.0786204	0.311467
-0.0636517	0.00742497
-0.00159719	0.000542612
0.0853235	0.169502
0.230017	0.246639
0.196997	0.351068
0.454668	0.319842
0.270327	0.218428
0.159599	0.329958
0.0755502	0.390781
-0.0687057	0.516904
0.065175	0.356515
0.0386317	0.441063
0.0885901	0.283821
0.121181	0.326902
0.210722	0.208114
0.219613	0.090367
0.23941	0.320459
0.310062	0.191572
0.157987	0.162163
0.311505	0.0970148
0.244957	0.0916967
0.329997	0.296273
0.213091	0.219626
0.0959604	0.107424
0.198559	0.0906725
0.329904	0.175451
0.200409	0.0738532
0.11549	0.159375
0.0915605	0.207188
0.198749	0.291665
0.41254	0.242452
0.393557	-0.0609989
0.254477	-0.00310208
0.44288	-0.0830814
0.473628	-0.184428
0.340526	-0.0936041
0.364161	-0.194883
0.451574	-0.255535
0.383353	-0.0864828
0.342898	0.125397
0.437748	0.191566
0.43248	0.107624
0.415282	0.0641557
0.274551	0.14364
0.313822	0.270361
0.35923	0.124582
0.318911	0.0433463
0.318408	0.0595612
0.263679	-0.052292
0.289428	0.125008
0.193262	0.253951
0.24299	0.199024
0.321271	0.156119
0.27748	0.0992192
0.318187	0.131207
0.327422	0.241787
0.250955	0.00225834
0.376156	0.142058
0.416114	0.25859
0.443426	0.0860143
0.253576	0.00718415
0.297734	0.250237
0.390433	0.174154
0.416408	0.182856
0.224328	0.0310532
0.451133	-0.0662138
0.268319	0.046567
0.377113	-0.0587493
0.409076	0.00228825
0.359878	0.00962971
0.176058	0.113058
0.10694	0.135495
0.367476	0.111651
0.28851	0.0904119
0.185486	0.159783
0.262669	0.15331
0.148266	0.167259
0.0945904	0.194413
-0.0547545	0.195714
-0.0142886	0.188209
0.0912207	0.0762722
0.0574844	0.0545856
0.0825596	0.107391
0.0589711	0.149938
0.205503	0.189285
0.105265	0.20414
0.216816	0.0762004
0.249625	0.094237
0.138741	0.105742
0.30957	0.0815211
0.0978913	0.10707
0.137792	0.233236
0.253113	0.116836
0.376983	0.201018
0.341925	0.0562548
0.299694	0.113005
0.358227	0.100848
0.42196	0.159073
0.401454	0.0998
0.440139	0.0854589
0.182062	0.0731593
0.254181	0.288763
0.263485	0.126116
0.463413	0.291852
0.474216	0.104644
0.275054	0.102743
0.28944	0.176201
0.234217	0.320736
0.388421	0.303739
0.392843	0.150558
0.0372583	-0.00697249
0.200431	0.249609
-0.00806355	0.442731
-0.131057	0.453321
0.0478167	0.487475
0.242423	0.460476
-0.0323698	0.14563
0.0605643	0.112001
0.154183	0.13726
0.23451	0.292806
0.527631	0.182694
0.587893	-0.0767951
0.471532	-0.216516
0.297118	-0.0426416
0.44227	0.0975525
0.092824	0.111547
0.0780119	0.0470817
0.190984	-0.0246714
0.139221	0.0301648
0.0392284	0.0748408
0.184424	0.203722
0.426639	0.181691
0.373362	0.123119
0.3065	0.138158
0.303028	-0.0491227
0.260244	0.108434
0.0872999	0.000852003
0.0399436	-0.0996615
-0.018359	0.207626
0.0854863	0.363739
0.224838	0.282196
0.1453	0.250677
-0.0380636	0.114567
0.123613	0.0347915
0.106336	0.111496
0.298886	0.214878
0.0540981	0.292661
0.0744939	0.236051
0.0900848	0.126593
0.16979	0.0714956
0.452886	0.0746582
0.190539	0.092778
0.246374	0.0482041
0.293725	0.0328089
0.237435	-0.00831654
0.353434	0.121973
0.29424	0.238367
0.194811	0.339469
0.314278	0.261283
0.273291	0.210562
0.382452	0.164582
0.349698	0.158282
0.287625	0.147346
0.361845	0.145943
0.232691	0.21376
0.0965856	0.306579
0.4787	0.114146
0.325874	0.231153
0.297055	0.191088
0.304451	1.84429e-05
0.457555	-0.0992124
0.282013	-0.0807037
0.364468	-0.041152
0.432416	-0.142589
0.619062	-0.125416
0.392953	-0.251497
0.22475	-0.209844
0.455905	-0.176496
0.423222	-0.171221
0.285163	-0.0157415
0.134655	-8.95609e-05
0.368726	0.0976355
0.470828	-0.000843324
0.354431	0.0293592
0.318641	0.135314
0.431641	0.182048
0.301784	0.145414
0.0930538	0.0764479
0.163772	0.145781
0.130087	0.13468
0.253507	0.271962
0.356908	0.204477
0.263751	0.196959
0.164748	0.185261
0.214003	0.180973
0.17713	0.0632939
0.244952	0.0709113
0.0275326	0.205745
0.00230584	0.22794
0.0426012	0.245683
0.1805	0.212227
0.380774	0.218321
0.543639	0.207714
0.437992	0.145734
0.277999	0.0940666
0.15454	0.0514386
0.192522	0.119126
0.153536	0.099893
0.204343	-0.0345379
0.188954	-0.0998726
-0.00650522	-0.0691625
-0.0242436	0.134741
0.021421	0.160717
0.144865	0.186601
0.161995	0.0130626
0.260959	0.0387623
0.471945	-0.086259
0.428729	-0.0565728
0.369725	0.0459409
0.369059	0.274736
0.374203	0.199327
0.426325	0.196741
0.41873	0.200217
0.38699	0.245185
0.438014	0.269179
0.45133	0.388916
0.382369	0.284254
0.465694	0.376036
0.468416	0.166426
0.373498	0.0126849
0.389757	0.0378542
0.354354	0.265163
0.302394	0.104515
0.400539	0.0361661
0.551946	-0.0186814
0.431043	0.0465883
0.460055	0.0905136
0.421718	0.250564
0.395988	0.0372531
0.526625	0.060325
0.324807	0.113096
0.379605	-0.0687236
0.100667	-0.0429341
0.147281	-0.03988
0.279373	0.0325967
0.173053	-0.0556581
0.0821733	-0.201921
0.078728	-0.171014
0.146676	-0.0438583
0.243031	-0.0168497
0.205674	0.155966
0.296226	0.152486
0.268444	0.0176302
0.272599	-0.0850003
0.148576	-0.0172608
0.15498	0.184213
0.144175	0.030679
0.318362	0.0941908
0.226968	0.160168
0.379978	0.0124454
0.2093	0.235571
0.284298	0.133821
0.259598	0.00498465
0.218977	0.21319
0.309436	0.174055
0.216634	0.299615
0.106044	0.129766
0.0499609	0.0649142
0.0524749	0.0446429
0.0297402	0.166884
0.134676	0.157744
0.222789	0.0657196
0.107649	-0.00127488
0.45477	0.2894
0.370511	0.205002
0.210414	0.111052
0.304872	0.283883
0.333646	0.0797783
0.34664	0.108986
0.337082	0.161334
0.51331	0.0732747
0.572601	-0.0805764
0.386333	-0.17991
0.31068	-0.220897
0.262656	-0.161455
0.188672	0.0690351
0.160209	-0.0700971
0.18094	-0.131212
0.130065	-0.244801
0.188332	-0.262423
0.133899	-0.0727441
0.312844	-0.11106
0.339408	-0.153616
0.509956	-0.144845
0.489784	-0.144293
0.238391	-0.00704976
0.182675	-0.0766453
0.196723	-0.101626
0.243706	0.0248195
0.203545	-0.0675893
0.261446	-0.0636371
0.302729	-0.0528199
0.320319	-0.0799281
0.359854	0.0387603
0.188896	0.131163
0.114886	0.177997
0.0750505	0.132096
-0.103555	0.19003
-0.191637	0.255311
-0.199294	0.324216
-0.100353	0.405351
-0.0919856	0.194933
0.151595	0.102225
0.260492	0.0619642
0.410675	0.0979655
0.25698	0.0608725
0.250223	0.110192
0.353208	0.0746435
0.32064	0.0930712
0.298371	0.0575658
0.17916	0.219408
0.0954578	0.27663
0.224047	0.146361
0.115666	0.138524
-0.0290404	0.171883
0.184245	0.413658
0.315937	0.224576
0.189399	0.0614541
0.0905165	0.0787278
0.104803	0.091212
-0.129941	0.0674389
0.110339	0.0391511
0.108756	-0.0538508
0.0534093	-0.109078
0.0487924	-0.135514
-0.0152112	0.123417
0.0150741	0.312788
-0.0757569	0.279049
-0.162738	0.136293
-0.0721798	-0.00112783
0.174906	0.12162
0.191735	0.0639354
-0.03698	0.0386915
-0.0400282	0.0845087
-0.000840232	0.0662273
-0.12482	0.0129832
-0.00820896	0.0170609
0.0798771	0.199062
0.199553	0.380531
0.0982685	0.385835
0.246801	0.253621
0.321601	0.275138
0.191311	0.250043
0.0925994	0.00219714
0.0126999	0.140313
0.146724	0.00540048
0.388266	0.197479
0.451531	0.296812
0.259033	0.116728
0.166367	-0.00344977
0.123008	0.111364
0.378149	0.0106811
0.521746	0.180653
0.307443	0.227413
0.0470152	0.172227
0.0107868	0.0526831
0.017929	0.153065
0.146252	0.0601791
-0.0301387	0.0744778
-0.0424778	0.192415
0.0685844	0.160786
0.118457	0.265707
0.247711	0.168881
0.211841	0.112953
0.108604	0.289269
0.265468	0.204047
0.409953	0.132291
0.0786876	0.134861
0.0485411	0.135196
0.0317173	0.0713637
0.0426819	0.322021
0.162451	-0.0142177
0.14601	-0.0393839
0.0617692	-0.0775313
0.0205443	-0.0782765
0.176602	0.236632
0.410767	0.358958
0.257581	0.323844
0.0754169	0.28552
0.24528	0.217422
0.0722347	0.258197
0.187549	0.158577
0.230451	0.33403
0.146315	0.226218
0.0519794	0.198062
-0.109236	0.146824
0.102778	0.111315
0.0970272	0.0606566
0.103258	0.0895972
0.115384	0.0879602
0.197959	-0.004591
0.0977656	0.0405437
0.177743	0.200576
0.351995	0.232018
0.349289	0.233214
0.414821	0.327262
0.326553	0.345908
0.412844	0.278036
0.629317	0.169029
0.458889	0.0343384
0.302222	0.0394132
0.294556	0.121896
0.231651	0.22625
0.350112	0.169631
0.362925	0.205419
0.357579	0.0255239
0.397497	0.209671
0.409171	0.212194
0.367861	0.147498
0.399098	-0.000280756
0.224879	-0.0446418
0.28984	0.013982
0.305313	-0.142485
0.0485701	-0.130541
-0.0105349	0.0519152
-0.00153715	0.286647
-0.112921	0.22323
-0.16502	0.195998
-0.265719	0.326422
-0.315933	0.546353
-0.265974	0.246405
-0.42693	0.204882
-0.0717981	0.0530359
-0.018336	0.101398
-0.0885424	0.265175
0.0390756	0.199418
0.0226904	0.115839
0.0224328	0.16896
0.023864	0.366272
0.190501	0.219907
0.164797	0.115426
0.0658272	0.262843
0.0477997	0.116285
0.239297	0.121877
0.180888	0.16451
-0.0625281	0.186349
0.127161	0.253415
0.280553	0.0737597
0.0467293	0.147912
-0.0231904	0.17603
0.264473	0.195277
0.249653	0.455631
0.167406	0.211674
0.270792	0.120348
0.334756	-0.0672958
0.308614	0.0819778
0.250129	0.134359
0.154098	0.0532116
0.0246879	-0.0920579
-0.0426452	-0.087032
-0.139364	0.0126718
-0.00500317	-0.151226
-0.0687946	-0.374751
0.00303393	-0.00855775
0.118886	0.108727
0.165775	0.0867779
0.169005	0.27704
0.470916	0.114018
0.254734	0.178873
0.260788	0.281179
0.107669	0.11962
0.230359	0.220077
0.0582238	0.115771
-0.0415647	-0.169833
-0.0813658	-0.0263646
-0.0624893	-0.100279
-0.0467677	-0.10284
-0.19899	0.130178
-0.203348	0.464245
0.085404	0.267701
0.107805	0.196675
0.173639	0.10188
0.339495	0.0924542
0.284718	0.148512
0.287866	0.181552
0.170371	0.203965
0.241653	0.190254
0.206668	0.180318
0.131202	0.253029
-0.0520131	0.244948
-0.0518248	0.22906
-0.0019676	0.337857
-0.0282472	0.303405
-0.0537397	0.384214
0.0449022	0.50534
-0.145068	0.46904
-0.0488429	0.402076
0.185721	0.370159
-0.0610588	0.27593
-0.0608212	0.172432
-0.00972574	0.254633
0.00591553	0.248529
0.0536036	0.251369
0.0647481	0.144402
0.188973	0.177671
0.226548	0.191172
0.126646	0.16194
0.225027	0.208634
0.329895	0.0332331
0.138464	0.117798
0.0487379	0.331915
0.350246	0.305356
0.0376448	0.183149
0.0369165	0.124537
0.0951072	0.0687251
0.037924	0.053578
0.198324	0.0938793
0.0946659	0.169713
0.187187	0.116219
0.0601779	0.206378
0.164325	0.302516
0.287091	0.184513
0.317034	0.0357498
0.121605	0.149508
0.205263	0.179876
0.370662	0.194056
0.21421	0.186743
0.299179	0.220077
0.327691	0.124302
0.29606	0.00267364
0.253172	0.0668873
0.2549	-0.377306
0.0714052	-0.0937744
0.221959	-0.0261027
0.359473	0.0482051
0.529983	0.185781
0.571681	0.176623
0.386294	0.238183
0.305797	0.0373367
0.14789	0.159704
0.216832	0.318219
0.298896	0.132895
0.32947	0.267908
0.232002	0.190373
0.174223	-0.00525028
0.126381	0.0197214
0.0373748	0.000828991
0.0213425	0.244725
0.0959511	0.090653
0.188244	-0.0340597
0.185766	-0.0442676
0.228879	0.100268
0.389284	0.192657
0.3093	0.16818
0.0240217	0.222539
0.0613637	0.26391
0.110115	0.239374
0.152527	0.164272
0.281081	0.184409
0.147653	0.0873997
0.358578	0.141271
0.414146	0.34647
0.370301	0.177159
0.306297	0.0902092
0.228505	-0.0620287
0.271126	-0.174428
0.640342	-0.089902
0.670807	-0.21146
0.522248	-0.224837
0.501293	-0.177568
0.468309	-0.144657
0.499449	0.0545141
0.376016	0.0786731
0.486793	0.195766
0.498234	0.18218
0.524186	0.13504
0.424947	0.207227
0.513028	0.023113
0.465503	0.052787
0.281555	0.0586757
0.30404	0.138425
0.437689	0.165334
0.576202	0.0188252
0.44225	0.145408
0.357375	0.16509
0.382038	0.0243373
0.236332	0.0324734
0.456651	-0.00968201
0.376575	-0.0286777
0.288489	-0.0713279
0.290417	0.106462
0.507104	-0.0139995
0.319138	0.284759
0.193498	0.180914
0.102463	0.0802605
-0.0362393	-0.0479797
-0.0306985	-0.0412558
0.0128078	0.275766
0.129324	0.0851076
0.142281	-0.00486438
0.404689	-0.0130036
0.303335	0.0431642
0.450289	0.0354478
0.244413	0.131814
0.299229	0.0424227
0.232054	0.22924
0.133666	0.155975
0.225795	0.0520688
0.142372	0.230336
0.0389575	0.199913
-0.0289241	0.176309
-0.0687136	0.253345
0.146547	0.181721
0.281101	0.146298
0.307082	0.1318
0.291522	0.141365
0.353001	0.160471
0.397104	0.279011
0.0654324	0.39731
-0.0837571	0.316113
-0.0591356	0.202637
0.115618	0.0603855
0.00455635	0.0341475
0.0672796	0.0131325
0.0899878	0.0199086
0.097458	-0.0501901
0.131342	-0.121799
0.249188	-0.0952964
0.158784	0.0355936
-0.0108834	0.10972
0.103332	0.242802
0.0837002	0.397625
0.120112	0.244196
0.140037	0.109951
0.080571	0.0773187
-0.0464239	0.249463
-0.171482	0.203962
-0.0770209	0.113727
0.0509827	-0.124899
0.00789027	-0.171693
-0.0154786	-0.196721
0.100821	-0.270763
-0.0296333	-0.177721
-0.0102051	-0.130177
-0.0424112	-0.207808
-0.0753097	-0.254885
0.138208	-0.120788
0.144789	0.138025
0.152469	0.100857
-0.0982986	0.196143
-0.15402	0.176946
-0.0339144	-0.113931
0.0126448	0.194496
-0.0979099	0.315782
-0.0905476	0.277651
-0.0530047	0.211556
0.091481	0.254738
-0.0288111	0.432856
0.0551602	0.401731
0.0805131	0.355972
0.102888	0.340821
0.023457	0.252725
0.245708	0.143437
0.349543	0.140233
0.271134	0.170151
0.248189	0.267506
0.40395	0.192985
0.407853	0.0366768
0.186812	0.0599353
0.125988	0.0993878
0.216193	0.099006
-0.217703	0.174881
0.0897956	-0.0317213
0.0411844	0.00154767
0.0809881	0.0152749
-0.138546	0.010481
-0.145171	0.0477593
-0.0799136	0.103567
0.0787156	0.129573
0.139578	0.207949
0.159342	0.268035
0.0732627	0.332906
-0.0426857	0.33239
-0.0500415	0.482131
-0.036104	0.593268
0.079764	0.442116
0.215152	0.0427885
0.162049	0.0255999
0.225806	0.0923671
0.341755	0.203819
0.432489	0.159149
0.414475	0.179292
0.234776	0.162372
0.368065	-0.0452437
0.547256	0.139451
0.399989	0.0518487
0.262345	-0.217307
0.355702	-0.204539
0.404693	-0.0429941
0.392412	0.165965
0.439435	0.207367
0.330287	0.274736
0.431379	0.297124
0.526505	0.228336
0.523903	0.212215
0.446805	0.226877
0.361421	0.3368
0.0795074	0.244048
0.124248	0.269551
-0.0012676	0.216262
-0.0586312	0.153234
0.447316	0.527119
0.420847	0.101787
0.354265	0.0333636
0.183136	0.100868
0.00650294	0.0382951
0.137898	0.0994519
0.128904	-0.159907
0.0326062	-0.0305994
0.108723	0.0524656
0.00942541	0.0638447
-0.0871694	0.0398494
0.179099	-0.0438939
0.212736	0.114872
0.0225232	0.200502
0.0508616	0.19577
0.0996985	0.0842867
0.0783101	0.107307
0.197931	-0.012876
0.347878	0.0135841
0.286761	0.0435844
0.0848926	0.0576053
0.211361	0.164371
0.180302	0.232796
0.23285	0.296057
0.0485143	0.467266
0.0823384	0.376932
0.138687	0.305172
0.196606	0.205266
0.0982406	0.113709
0.171265	0.11483
-0.0166827	0.250356
-0.0877543	0.270611
0.0822071	0.128054
0.0610515	0.203926
0.221563	0.302573
0.451687	-0.0296539
0.225458	-0.000861379
0.09524	0.253075
0.202544	0.317024
0.196261	0.232152
0.263351	0.239138
0.388082	0.214597
0.637353	0.174355
0.0789808	0.0581225
0.111383	0.121
0.0219136	0.203396
0.274318	0.0494621
-0.0473717	0.0509817
-0.181312	-0.00895434
-0.0620842	-0.169679
-0.0281731	-0.155686
0.123786	-0.213544
-0.00549764	-0.13888
0.116915	-0.163924
0.13662	0.143963
0.0687791	0.298153
0.0854165	0.0576867
0.171236	0.320381
0.12487	0.499606
0.174044	0.528926
0.134854	0.579665
0.176212	0.376096
0.480415	0.147226
0.402131	0.0917164
0.331075	0.221831
0.366944	0.223483
0.364289	0.0736064
0.319694	-0.0849811
0.464588	-0.104168
0.278936	-0.0925804
0.198435	-0.187397
0.390468	0.119033
0.554939	0.401225
0.447107	0.526667
0.324573	0.404493
0.287008	0.279178
0.448511	0.161479
0.338645	0.05329
0.198347	0.186735
0.16197	0.3309
0.127985	0.355431
0.122652	0.130255
0.151758	0.215922
0.294709	0.0381533
0.105365	0.160175
0.181574	0.0297803
0.33576	0.141874
0.0677171	0.100087
0.155346	-0.028061
0.225982	-0.0382643
0.282311	-0.00708656
0.202854	-0.0372344
0.263798	0.126046
0.459626	0.0972207
0.399838	-0.0486364
0.275415	-0.0436213
0.309303	-0.0666208
-0.104274	0.198408
-0.0967487	0.118207
0.00898075	0.00428178
-0.0474212	0.0391969
0.142984	0.0404464
0.265314	-0.129957
0.14995	0.162372
0.24225	0.0794275
0.173868	0.15787
0.138052	0.266376
0.190869	0.364991
0.428947	0.159966
0.537798	0.199113
0.376661	0.213078
0.292633	0.271546
0.189132	0.157964
0.421389	-0.0464463
0.139762	-0.0375321
0.00248205	0.131152
0.0660968	0.092128
0.0940097	0.203788
0.106307	-0.0623424
0.223132	0.0308435
0.1679	0.0703366
0.0607262	0.0120302
0.112161	0.22315
0.170253	0.326753
0.115453	0.513628
0.219943	0.584317
0.363748	0.150924
0.202389	0.0262746
0.157386	0.103463
0.129847	0.23092
0.272206	0.244425
0.360092	0.19568
0.403962	0.24241
0.203089	0.323787
0.0821299	0.170626
0.0736625	0.231595
0.147444	0.247504
0.304942	0.135694
0.176833	0.240182
0.444315	0.0680963
0.364214	-0.0624666
0.254454	-0.026977
0.156597	0.222529
0.346678	0.189792
0.472807	0.0143916
0.437531	-0.0637616
0.324291	-0.0228267
0.229701	0.182808
0.22831	0.30998
0.303582	0.319812
0.218997	0.276363
0.0600264	0.060899
0.13368	0.162689
0.301585	0.225908
0.341743	0.152871
0.146373	0.190869
0.0699761	0.250165
0.21084	0.299083
0.182826	0.142786
0.241969	0.094555
0.31575	0.0981789
0.180828	0.0511847
0.137708	0.172543
0.108413	0.128448
0.0914245	-0.0761744
0.0781852	-0.119123
0.199731	-0.130919
0.460352	0.169153
0.506292	-0.0308954
0.486672	0.0473911
0.21903	0.0815205
0.0904043	-0.0455175
-0.00746811	-0.11664
0.216235	0.307752
0.342621	0.0079514
0.315223	0.0128456
0.434697	0.127319
0.38008	0.033175
0.232347	0.193829
0.237061	0.198484
0.235956	0.22145
0.291119	0.237165
0.145101	0.257019
0.425813	0.1828
0.443121	0.204816
0.139384	0.324844
-0.0926159	0.519442
0.144303	0.460243
-0.0828237	0.211099
-0.109632	0.306731
-0.289219	0.207601
-0.246018	0.261763
-0.30421	0.186997
-0.085401	0.273773
-0.0945406	0.139702
-0.0580725	0.0261685
0.0429273	0.00785757
0.0798419	0.0868623
0.147471	0.0561763
0.179725	0.141201
0.128462	0.18587
0.0875224	0.161475
0.355637	0.128957
0.165215	0.486588
0.196238	0.223993
0.338547	0.0732852
0.118475	0.180209
0.154016	0.0734816
0.34954	-0.0549727
0.452179	-0.12533
0.263513	0.0450247
0.0948566	0.0519777
0.0222134	0.119411
0.259694	0.0850088
0.172187	0.0929474
0.150504	0.0890968
0.0363558	0.250553
0.109742	0.203334
-0.0282903	0.271559
-0.0135125	0.165071
-0.00901	0.156926
0.0920983	0.155055
-0.000170014	0.302669
0.0650494	0.179354
0.275244	0.153617
0.0946321	0.293291
-0.0330877	0.290688
0.153225	0.450231
0.117324	0.343175
0.209679	0.386728
0.42303	0.142257
0.385064	0.0738824
0.0479673	0.35766
-0.231643	0.272648
-0.119914	0.108467
-0.0643553	-0.0623009
-0.121039	-0.160452
-0.00499871	0.117727
0.228926	0.0423592
0.303449	0.0147433
0.183012	0.104627
0.301491	0.297993
0.189162	0.246773
0.264873	0.147753
0.267741	0.158918
0.277223	0.202641
0.206836	0.384034
0.312185	0.15166
0.364792	0.18326
0.337681	0.292262
0.282761	0.330039
0.173971	0.230166
-0.0260481	-0.0285933
-0.0231153	0.0690913
0.134212	-0.00784935
0.118837	-0.101392
0.137893	0.113254
0.0643408	0.0302573
0.160534	-0.0461045
0.156091	0.172255
0.232121	0.381782
0.129846	0.352456
0.110401	0.0687914
0.0810683	-0.0335041
0.113577	0.0242675
0.184903	0.179847
0.284247	0.333642
0.311697	0.132739
0.278587	0.0176871
0.171405	-0.012312
0.211539	0.0781366
0.343367	0.253958
0.508611	0.319403
0.468272	0.2225
0.129562	0.251136
0.157524	0.200524
0.311397	0.188223
0.361482	0.0827294
0.289216	0.0262148
0.192093	-0.17908
0.372904	-0.198208
0.472673	-0.253529
0.30551	-0.100095
0.348617	-0.0877191
0.416689	-0.00671061
0.494461	0.0895148
0.243706	0.232933
0.332494	0.157171
0.350446	0.259152
0.410946	0.286178
0.348684	0.244356
0.445825	0.226457
0.28921	0.188059
0.425523	0.145695
0.409252	0.155551
0.466842	-0.0836266
0.11782	-0.246172
0.0880024	-0.250505
-0.0480236	0.026467
-0.0424633	0.0434128
0.163964	-0.0155278
0.236762	0.0963868
-0.0596285	0.204018
-0.0914082	0.0999556
0.0365679	0.158145
0.124649	0.174448
0.109956	0.0626432
0.320359	-0.212879
0.246919	0.0329061
0.277113	0.201278
0.317163	0.135109
0.331482	0.15248
0.126171	0.161209
0.301641	0.154113
0.339283	0.209617
0.355389	0.139699
0.294043	0.175514
0.338008	0.129112
0.35534	0.0343693
0.404888	0.285839
0.279286	0.197147
0.105085	0.0301718
-0.157094	-0.132538
0.0905038	0.0278734
0.0340936	0.16413
-0.162519	0.274847
-0.0304531	0.167707
0.189261	-0.103905
0.242909	-0.155057
0.259454	0.0292282
0.0818388	0.203332
0.0941262	0.187846
0.0616094	0.125396
0.0428646	-0.13685
0.0589817	-0.147002
-0.0546079	0.0521458
-0.0450131	0.0979932
0.0724137	0.016575
0.116307	0.137997
0.18987	0.226064
0.270343	0.357819
0.321831	0.335579
0.415544	0.194094
0.475121	0.0799824
0.560932	0.0104674
0.426637	-0.1011
0.175568	0.0677293
0.266189	0.123608
0.111299	0.136538
0.109779	0.0551462
0.134614	-0.0101987
0.0954141	-0.0623122
0.122429	-0.0589512
-0.107932	0.0150013
0.068859	0.0672925
0.0740918	0.136183
-0.00190469	0.296665
-0.119041	0.210872
0.0388487	0.0569157
0.173061	-0.0367629
0.0287911	0.171247
-0.145308	0.100304
-0.108158	0.0186228
-0.11275	0.0824108
-0.26351	0.0562731
-0.192177	-0.0834142
-0.0135582	-0.239218
0.0450447	-0.199664
0.202935	0.0502275
0.177066	0.186001
0.136059	0.282069
0.165177	0.266787
0.260115	0.157568
0.454245	0.213989
0.306846	0.204157
0.352721	0.219316
0.502425	0.100405
0.21475	0.322948
0.302572	0.190187
0.233591	0.170951
0.312755	0.158444
0.342393	-0.0915078
0.443776	-0.0351158
0.222805	0.00370179
0.160368	0.186049
0.327844	0.256139
0.201882	0.132244
-0.135196	-0.135208
0.0147562	-0.12785
-0.0265787	-0.140458
0.0269374	-0.160935
-0.0640637	-0.0580683
-0.0392693	0.224547
-0.160192	0.396614
-0.131866	0.308789
0.0656736	0.224211
0.111723	0.37496
0.144936	0.0406832
0.256148	0.118458
0.315921	0.185875
0.212144	0.312898
0.214806	0.153863
0.338914	0.234652
0.545919	0.192925
0.647304	0.0724225
0.773717	0.161393
0.596589	0.0829581
0.506435	-0.0526
0.316947	-0.0814105
0.336618	-0.171832
0.268971	-0.274993
0.215848	-0.198496
0.135716	-0.199016
0.231749	-0.0814597
0.23454	0.154092
0.239333	0.0801399
0.312102	-0.145411
0.32535	0.00396143
0.417779	-0.00192196
0.18365	0.133252
0.239113	0.256935
0.13412	0.278059
0.510225	0.0370015
0.355802	0.209895
0.3577	0.253873
0.548882	0.408332
0.58417	0.402985
0.445604	-0.0060486
0.171443	-0.0119509
0.191569	0.14187
0.12053	0.172606
0.177514	0.112111
0.250083	0.148478
0.273789	0.281181
0.0239274	0.417632
-0.0453163	0.370885
0.11849	0.317999
0.247136	0.201907
0.0665734	0.213728
-0.00979534	0.17374
-0.123035	0.0295584
-0.0919357	0.24138
-0.0261951	0.351065
-0.0866927	0.347692
-0.187482	0.285475
0.0350511	0.175932
0.229009	0.175233
0.26576	0.0231451
0.152997	0.00763137
0.0195083	0.245885
