-4.32471	6.22477
-8.66702	0.541641
-10.7779	-4.43019
-6.61433	-4.30658
-4.12828	-1.95524
-3.95736	2.13171
-3.59709	0.0305141
-2.84903	-2.09518
-2.95644	-2.762
-4.07109	-3.39521
-5.88135	1.11358
-6.20908	-2.32692
-1.77387	1.58141
-2.32508	0.61269
-7.43736	-2.71881
-7.89433	-6.23864
-3.71357	1.92174
-2.76575	4.34529
-6.11723	-3.88465
-7.15964	-4.08559
-8.11355	-4.05052
-6.3738	0.611105
-6.6083	-5.13537
-10.8961	-9.28447
-13.0632	-11.6272
-12.1381	-10.8525
-12.2892	-12.1273
-11.8583	-12.8096
-10.2424	-11.5738
-9.95571	-10.0143
-10.769	-9.36715
-11.8492	-10.67
-8.53908	-9.24999
-11.687	-8.25739
-13.036	-7.85211
-8.26969	-9.85399
-7.07338	-10.1134
-7.90445	-1.57178
-12.5854	-3.36328
-12.0513	-0.832963
-10.263	-4.74484
-10.1241	-4.69416
-14.6153	-1.72814
-12.497	1.41729
-8.07465	4.36814
-9.29542	-0.447419
-9.15565	3.23361
-7.72046	1.3714
-10.1329	-2.41656
-17.7302	-3.74053
-19.7464	6.28571
-12.6341	5.36447
-11.0229	1.68484
-12.7454	-4.06915
-15.7106	-8.1161
-16.8587	-9.11886
-19.0016	-9.68973
-15.0741	-6.27447
-11.301	-8.55425
-9.24651	-11.7036
-9.63958	-9.66935
-10.656	-10.8154
-12.7058	-10.8612
-11.6907	-10.9785
-13.3015	-11.8861
-12.3657	-11.3245
-11.0583	-11.2949
-12.8401	-12.1234
-13.5098	-5.30791
-11.8071	-0.436127
-9.72408	-4.17742
-14.1794	-1.99632
-16.8445	-1.48761
-9.13726	1.21581
-6.91399	3.30096
-9.42428	-1.50125
-10.9827	-4.40873
-13.1087	-2.02648
-10.4416	-5.97273
-6.55067	-3.0111
-10.4309	-2.66185
-12.6255	-3.53924
-14.4674	-5.56084
-13.3398	-6.63731
-15.0525	-9.1787
-15.7058	-6.11924
-11.0799	-0.299911
-8.02817	0.091072
-7.33916	-4.54468
-6.62296	-4.01509
-9.7063	-10.0677
-8.41878	-12.0543
-6.64089	-13.2477
-10.1172	-11.7184
-10.1027	-9.66935
-13.7307	-6.64857
-13.8364	-7.99846
-9.57279	-4.20432
-10.94	1.16071
-13.3674	-4.16828
-8.23479	-7.30022
-6.35786	-5.92345
-7.03941	3.18115
-6.50129	-0.466841
-8.36466	-3.16436
-13.953	-9.66226
-15.0533	-11.7333
-13.8933	-8.86391
-14.4175	-13.0517
-12.6993	-6.28498
-14.8047	-0.320093
-13.5534	-6.19904
-10.7024	-7.64638
-12.4354	-13.6502
-11.2209	-11.567
-9.95141	-5.78053
-7.64066	-5.92198
-4.03175	-3.90642
-9.1024	0.923866
-7.75012	7.22702
-7.55296	-2.29378
-7.40047	-6.83952
-5.50539	-0.0326755
-4.40465	-2.80671
1.7277	-3.02947
0.964187	-2.07357
-2.59385	1.72465
-2.99528	8.76169
-9.98616	0.823433
-5.90297	1.3409
-6.00342	-4.9558
-8.07081	-0.484701
-4.69901	4.769
-2.76379	4.32726
-1.12231	5.42521
1.70429	-0.882127
-2.85935	-2.26367
-8.56837	3.50441
-6.03491	0.164264
-11.3516	-3.77208
-13.2857	-8.25158
-6.72711	-11.8547
-13.8204	-9.59418
-11.1468	-1.09958
-12.0245	-1.4591
-11.134	0.577962
-7.71025	6.10339
-8.06963	3.1432
-12.3437	4.97573
-10.7471	4.20744
-4.23669	5.07228
-3.89892	-0.152386
-0.549292	3.92442
-0.55779	1.12495
1.34859	-3.71414
5.45386	3.52567
-0.267961	-1.23392
-0.646697	-3.50454
2.96621	-1.91104
0.100789	0.456245
0.548674	-3.55676
-4.97715	-9.53761
-7.75898	-8.9625
-3.66951	-6.7721
-6.89974	-7.32435
-8.4828	-9.62076
-3.63579	-11.1696
-0.626021	-8.4624
-1.87931	-7.02187
-2.25991	-3.04202
-7.75599	-2.49619
-4.56503	-1.27277
-4.27475	-3.69681
-6.74103	-6.67333
-10.4136	-4.6458
-5.94991	-1.8274
-5.07796	0.806756
-4.83032	0.787642
-7.04433	-3.81278
-6.30771	-0.430474
-2.37806	-5.6787
-1.31827	-9.74326
3.01332	-6.66903
5.28879	-7.62274
0.811772	-7.43485
2.88006	-6.72618
3.29932	-7.15485
3.13672	-5.0725
2.92324	-2.78691
4.0437	-5.03203
1.58787	-4.55158
-7.76375	-3.53015
2.8339	-3.45032
2.33435	-1.85176
-1.23156	-2.17036
-3.12259	-2.59858
-5.05278	0.493968
-5.18665	-0.975702
-4.99154	2.18917
-5.25807	2.55852
0.0616216	1.45123
1.42085	2.49554
-4.22206	2.92181
1.22466	1.62952
0.747332	-1.54225
1.63767	-2.25385
-6.36294	-3.28337
-10.914	-7.38905
-8.09253	-0.267101
-8.19271	4.66198
-6.22792	1.04671
-7.3489	-1.65675
-8.23727	1.41257
-6.94923	-0.945816
-4.58676	1.85162
-7.40136	0.364907
-5.04263	-2.07513
-2.05595	1.33688
-9.39001	3.42313
-13.2486	1.20944
-11.1524	3.88062
-9.99698	1.94195
-12.1344	-1.44264
-9.10345	0.904476
-10.5922	0.930495
-5.96362	3.34509
-2.37424	0.984577
-9.38274	-3.31437
-11.7225	-6.51343
-12.2331	-5.73154
-11.7491	-0.297026
-5.09411	6.30606
-5.71214	2.31931
-10.5246	-1.52763
-15.4863	-3.63715
-12.4014	-2.95038
-12.6764	-2.71341
-13.8736	-6.00754
-15.4233	-6.1798
-13.684	-6.09712
-13.6559	-3.93473
-17.3332	-3.63286
-10.6448	0.977056
-15.558	7.47094
-16.3352	2.90873
-16.3608	-3.31827
-11.8612	-3.5975
-12.336	-5.33986
-7.74131	-2.45431
-3.57734	2.98031
-2.83174	2.53566
-3.61592	0.116686
-5.29905	0.69951
-2.81999	-1.50956
-5.40355	-2.83252
-5.16672	-6.47348
-6.49468	-3.47123
-7.00209	-1.63898
-7.77727	-3.18158
-6.84831	-4.14632
-11.848	-4.82713
-18.353	-6.08037
-14.6723	-4.43665
-12.9232	-4.85251
-13.0223	-4.05043
-12.8654	2.68163
-15.4818	-4.10394
-12.89	-3.68916
-10.8684	-5.06051
-11.6463	-7.2943
-11.243	-5.34407
-9.65234	-5.01697
-6.66465	-8.23422
-5.65147	-10.6612
-7.46601	-13.5569
-7.48993	-6.48432
-7.68546	0.779339
-9.81073	-1.8731
-10.3479	-2.89421
-11.9291	-4.14884
-14.427	-10.237
-11.8264	-8.66183
-11.9364	-11.0735
-12.8845	-6.668
-12.8225	-1.50579
-11.3426	1.52851
-12.4731	-0.804315
-13.4641	-1.1768
-11.0292	-4.87002
-9.7075	-7.37275
-12.0727	-6.78263
-12.2278	-7.93859
-8.13893	-6.31414
-9.87216	-8.72697
-12.4358	-9.01817
-10.0835	-11.8464
-10.1425	-10.8284
-11.9452	-2.7835
-11.0844	-0.570361
-12.3913	-1.87002
-9.12241	2.79102
-10.1341	4.12131
-10.8945	11.6266
-5.35693	8.52458
-2.99452	3.96522
-9.28924	-0.458207
-8.57539	4.89998
-8.33793	3.29769
-9.28152	-0.736862
-9.58625	-8.01236
-4.74661	-7.53408
-6.38144	-9.02995
-9.37143	-5.28519
-8.16178	0.595892
-7.58168	3.34775
-7.75816	2.89265
-9.75449	8.22812
-8.38776	4.60707
-8.13157	4.67636
-8.71049	5.79571
-8.77659	3.3443
-9.86934	-3.95023
-11.6511	-7.57513
-11.4651	-3.88997
-11.1568	-4.55496
-13.2146	-5.18909
-10.6318	2.36762
-10.2256	-1.29781
-4.63824	-0.87424
-3.26578	3.39893
-7.44034	9.16694
-9.33801	9.10206
-12.6187	5.86859
-11.1333	6.1889
-13.0688	0.880856
-10.9787	-1.51872
-7.93024	-2.88235
-2.32607	3.66287
-1.55653	5.43392
-4.96221	-1.06434
-3.09697	-0.631189
-2.21267	3.90564
-2.97333	-0.521167
-4.33608	-2.62257
-10.2239	-3.92751
-15.2721	-1.21706
-16.6411	-2.39261
-15.985	-2.12298
-12.2941	3.79367
-16.7397	-3.68997
-14.2049	2.5124
-11.9325	2.1532
-12.7941	-0.132821
-11.0441	4.5587
-7.00906	3.97413
-6.32742	2.50585
-5.67922	5.07547
-1.83882	2.67746
-0.887524	2.78843
-8.02314	-4.39995
-8.11798	-2.69981
-5.41688	-1.82194
-4.33854	2.49325
-5.85744	-1.0955
-4.90011	-1.80541
-9.78196	-2.54016
-9.89069	-5.31418
-13.4889	-10.1371
-10.4471	-6.72313
-9.86732	-5.21428
-7.42165	-2.62125
-12.1885	-7.39425
-13.6196	-5.54745
-11.1527	-1.58481
-15.0687	-1.93223
-19.5824	-8.37645
-12.5828	-7.77316
-14.2266	-9.37475
-15.8572	-8.08427
-12.9973	-9.73335
-12.6143	-7.91844
-10.4058	-8.82774
-8.91625	-6.73023
-8.45503	-2.07284
-9.04846	-5.32606
-6.97479	-6.96684
-5.38732	-4.70856
-1.96935	0.821535
0.758916	-2.39756
-3.58155	-2.1634
-10.5085	0.556586
-6.68352	-2.58337
-7.23648	-12.6577
-2.53116	-7.89667
-6.67769	-10.3118
-12.6964	-2.8609
-13.5078	3.14517
-10.2588	-0.0618787
-6.36649	-5.9681
-3.59212	-4.33891
-5.88159	-1.29157
-11.0699	1.54358
-10.7938	4.44785
-7.40156	6.35015
-4.80737	3.98498
-8.04871	-0.242145
-4.81227	-0.457367
-4.6811	-0.835832
-5.47532	-0.208431
-1.74839	-4.2586
1.36032	-1.52801
-7.28492	-10.0428
-4.91062	-13.4416
-1.11496	-9.38469
-1.45677	-9.65773
-9.72646	-7.13777
-12.2542	-9.52102
-8.96307	-12.515
-10.6568	-10.1058
-14.1741	-8.61362
-10.4968	-5.23224
-10.2226	-7.34773
-8.643	-7.55577
-9.36284	-7.20206
-14.6675	-6.26944
-13.1632	-7.60868
-10.4197	-12.2996
-7.92826	-12.6938
-5.91379	-8.6684
-5.27043	-5.01373
-7.16204	3.14503
-9.17113	2.99964
-6.60072	1.64335
-4.99788	0.0555146
-4.33009	1.1454
-3.59914	-4.15567
1.70723	4.40633
-3.93615	9.41061
-5.56003	1.07586
-1.45551	-0.731838
-2.59979	1.99999
-10.2523	4.02657
-15.4637	-0.142777
-16.9316	1.17127
-12.5384	7.98053
-14.2339	1.13647
-13.3314	-0.183205
-9.07549	5.77824
-11.5869	0.143969
-7.65078	1.55031
-6.15102	1.40073
-13.2347	2.78205
-12.1026	7.48473
-5.8981	6.94349
-4.1257	3.26368
-2.03167	-1.10575
-1.75244	-0.80069
-5.11945	-3.29357
-5.25573	0.667386
-5.35634	2.2648
-5.92449	0.79611
-3.8052	-2.62215
-6.72499	-0.233136
-11.9974	-4.65196
-8.831	-0.23388
-8.85843	-1.8043
-9.77463	-5.49369
-8.90111	-5.41784
-9.36998	-0.868841
-10.2145	-2.35492
-10.8717	-3.02862
-12.8338	-5.40727
-15.22	-5.08035
-12.15	-1.24633
-9.76038	-3.48523
-16.3039	-8.8547
-18.4993	-14.2179
-17.3525	-8.24445
-18.0644	-7.65317
-14.0718	-9.33847
-11.4303	-7.9326
-12.9962	-6.23736
-15.2215	-6.4641
-8.81012	-2.43921
-11.3605	-3.2217
-14.6314	-6.53708
-14.4933	-7.98922
-12.6068	-3.0328
-9.89169	1.50902
-13.5857	-5.39872
-11.9152	-5.46716
-11.8115	-3.22078
-11.2452	-1.30808
-8.14265	0.799429
-7.21853	0.0979864
-7.40886	-1.46919
-11.2793	-6.69651
-6.05081	4.41519
-3.91132	1.4812
-3.33851	-4.12222
-9.41498	-0.705232
-12.3142	0.195437
-8.81562	1.57577
-11.679	-4.00368
-10.5677	-3.08061
-10.3608	-3.1227
-8.80664	-4.22583
-8.60663	-8.89954
-9.49585	-4.76879
-5.68691	-3.5814
-6.43719	-4.96331
-3.11433	-3.80824
-2.9273	-0.797968
-6.05224	5.14306
-5.36476	9.77637
-0.471044	11.0596
-3.89808	4.44998
-7.4508	3.51582
-16.4817	1.58363
-19.7066	-3.64198
-16.2072	-7.81411
-15.0379	-8.67027
-13.3679	-5.79886
-14.8919	-4.59114
-12.8623	-4.61969
-16.5213	-4.98887
-12.0541	-6.29293
-10.2199	-9.47986
-8.93371	-10.163
-10.5178	-7.1431
-8.7847	-2.40834
-9.69699	-5.86553
-11.7405	-4.50388
-12.3373	-4.32714
-10.9168	-5.80203
-10.1447	-2.04544
-9.9414	-6.96435
-5.98273	-4.9319
-2.70251	-5.03576
-2.3135	-3.79913
-5.55915	4.01114
-7.73969	5.10292
-8.11032	0.754198
-7.7111	-0.539087
-7.45034	0.162664
-11.1819	-3.06455
-10.3141	1.99342
-9.30134	3.4831
-13.4862	4.79094
-15.4547	-0.540421
-19.8051	-5.40449
-15.6313	-5.63059
-13.4525	-5.80433
-15.817	-10.7073
-13.9682	-9.46768
-13.8187	-8.06739
-13.2509	-2.70811
-12.2941	-2.80117
-14.1701	-3.96258
-11.7396	-7.90696
-8.45259	-2.15876
-9.44247	-0.455043
-10.6265	-2.59994
-11.5376	1.42732
-13.0482	5.55674
-5.726	0.641953
-3.65699	2.51553
-6.21335	1.01167
-0.175012	1.30407
-1.32996	3.46036
0.0401773	-1.59256
2.89475	-5.64315
-1.41395	3.97096
-4.94928	7.71442
-3.03932	8.22951
-0.226632	3.09558
-2.1427	-1.63142
1.0199	-2.68809
-3.30137	-0.718212
-3.61783	-8.58482
1.05467	-9.81423
0.76493	-2.696
0.135795	-0.922668
-1.28815	-6.11121
-5.85295	-6.39966
-3.96261	-8.53271
-4.97387	-13.4711
1.26397	-8.33202
0.298747	-11.3906
0.567018	-7.97207
-6.4627	-10.2021
-7.68398	-11.7811
-2.26212	-7.47408
-3.42139	-9.2427
-5.86301	-7.47422
0.244562	-6.89523
-1.80727	-3.36221
-4.22829	0.0340817
-5.496	-1.72564
-5.76561	-1.4449
-5.47543	-0.557557
-5.84576	-3.18115
-0.579101	1.29212
-2.42407	-3.90807
2.90416	0.313572
-0.515209	7.13197
-2.48303	4.72169
-0.481803	1.91947
-5.37148	2.81024
-3.80422	1.15718
-1.56883	2.77955
-6.67808	-2.08901
-1.658	-5.41677
-1.36363	-4.87549
-6.25871	-7.89626
-9.49993	-8.93709
-13.815	-9.76743
-11.93	-9.54391
-9.79794	-13.9864
-7.61962	-7.12777
-9.45455	-8.11083
-10.7705	-9.35592
-15.2963	-10.5383
-13.9188	-12.3002
-11.352	-13.0823
-14.929	-10.3747
-13.9923	-7.38044
-12.7858	-5.44623
-10.9049	-6.21497
-8.45952	-0.843541
-7.49365	-4.00686
-8.47558	-2.95804
-10.9302	-1.54238
-9.72636	1.40031
-12.1543	-0.741444
-11.4569	-0.585537
-6.30837	-3.42599
-7.61749	-5.9882
-8.20665	-4.72764
-5.18806	-2.07485
-5.02594	3.71159
-10.7461	4.24941
-13.8972	-0.0985044
-10.3513	1.51107
-12.0103	-1.54866
-11.633	-0.951317
-11.5611	-0.321021
-12.0991	-1.47138
-13.9757	-3.09453
-14.4022	-10.6989
-10.3936	-9.44291
-9.32078	-10.3858
-8.33094	-6.74105
-13.124	-8.40889
-7.64634	-9.0465
-7.86292	-13.0851
-11.7292	-14.9826
-14.7915	-13.8352
-12.8977	-10.6955
-9.56487	-10.4315
-12.11	-9.0615
-10.5873	-9.51287
-11.0995	-11.5266
-7.85017	-2.55745
-17.3089	-6.1119
-19.4945	-4.69075
-14.5466	-6.79641
-8.38291	-10.2729
-6.52239	-3.50987
-10.5822	-3.32215
-14.4051	3.57544
-12.559	2.44527
-8.00943	-3.01769
-11.0845	-6.61266
-8.76155	-0.68995
-6.13033	-4.8087
-3.69621	-4.96982
-1.58755	-4.65106
-5.07219	1.06851
-4.02804	0.309532
-4.52334	0.242833
-6.642	3.33012
-11.108	2.90243
-10.7778	1.11244
-9.25413	1.50538
-8.30846	0.114684
-5.98254	-0.107238
-14.5082	-6.74223
-15.7311	-10.0561
-13.0357	-1.19593
-13.9125	-0.238467
-16.8523	-9.4728
-16.2375	-6.75256
-13.9034	-6.83729
-7.976	-4.16344
-8.05353	-1.83823
-7.66785	0.017673
-7.96997	-1.53713
-12.1083	2.71888
-8.36899	0.0332002
-3.6504	-3.52266
-4.0526	-2.45114
-6.53019	-7.10541
-4.94911	-12.8382
-6.59441	-9.89084
-7.54602	-6.13534
-6.26038	-10.9346
-6.44486	-9.55699
-10.9078	-3.64462
-13.6545	-9.97473
-9.81663	-10.7724
-11.647	-9.97495
-10.2075	-7.46476
-13.5225	-3.11554
-11.422	0.129046
-6.60554	2.89275
-8.35663	2.46299
-9.45156	-8.37723
-7.73174	-9.43284
-7.41116	-5.58346
-13.7156	-7.88281
-16.009	-14.574
-11.1032	-12.0063
-9.92367	-11.8865
-10.7105	-13.6914
-9.99081	-14.9844
-8.24682	-16.9178
-10.0857	-13.8143
-11.5448	-9.02403
-9.53379	-8.78987
-8.19901	-9.8754
-8.96349	-6.2633
-7.07603	-4.47916
-5.33285	-9.68394
-11.9216	-7.00022
-9.86455	-3.40386
-7.74711	-8.62722
-10.0847	-10.1474
-14.7964	-6.4439
-14.3738	-2.48566
-12.4649	-0.56538
-11.7369	3.78155
-14.9415	0.638123
-14.6296	-5.2019
-12.8475	-5.63029
-11.6861	-7.53137
-10.293	-3.95027
-10.7766	-7.59939
-9.48209	-1.49567
-6.00089	-0.731942
-3.9461	0.518964
-5.30326	4.79419
-1.04187	8.51821
-2.17389	6.03446
-5.99632	4.19555
-8.36692	-0.27416
-12.3573	6.83524
-13.5534	6.07851
-11.5214	0.0139761
-8.9236	2.51495
-12.237	2.97023
-13.1127	1.63931
-10.7804	2.65309
-10.6701	0.435586
-9.15216	-0.503333
-8.98524	6.32347
-9.70496	4.26141
-10.8608	-3.25701
-6.0552	-3.03498
-5.97657	-0.646563
-4.32086	0.709442
-6.33017	-1.79858
-2.76969	3.93871
-6.42601	2.04593
-11.5592	0.0608128
-6.66517	1.03138
-5.93873	5.55532
-4.09206	2.90698
-9.00741	3.54172
-11.0766	-3.65286
-6.24926	-3.88767
-6.16825	-5.57264
-10.948	-4.68114
-10.5185	-1.02515
-8.41809	-1.26139
-8.27292	-4.03046
-5.02508	2.17126
-8.63882	-2.63438
-6.9596	-1.19468
-6.15301	1.7064
-5.20468	2.25995
-7.53823	4.30012
-2.80236	5.94407
-1.15813	1.03256
-3.3453	-3.43826
-1.5291	-3.07257
-2.76521	-5.78094
-3.5836	-5.31528
4.08788	5.96881
2.52835	-2.12698
-0.139968	-4.30995
-3.9923	-1.9959
0.579377	5.08223
6.92452	1.36778
7.89201	-5.93831
1.81075	0.157894
-5.79825	3.87333
-6.67723	0.53777
-2.89773	-8.46096
-3.23718	2.26634
-1.64433	6.26575
-1.12294	6.20235
-1.81095	3.62274
-3.25154	3.16765
-4.75347	2.64055
-5.64626	-1.71809
-5.58351	-3.47754
-8.4214	1.07939
-6.63173	0.549181
-8.36121	-6.1465
-12.3273	-6.78067
-6.90295	-1.68997
-13.7325	-12.506
-13.2323	-11.0591
-13.936	-5.12951
-14.0143	-4.36513
-11.0327	-3.97186
-6.2652	-3.70745
-7.50419	-0.0742694
-6.75785	4.05211
-9.35381	2.06663
-11.5743	-0.718796
-8.19318	0.785655
-4.4272	-4.03399
-5.37092	-2.73783
-1.5253	-6.87619
-0.000528437	-1.95326
0.112533	2.94817
0.417048	4.47514
-5.76398	-2.05777
-9.46718	-2.69803
-6.97118	1.18312
-9.71749	-1.85321
-9.82263	-4.49025
-5.76267	-0.103205
-1.72982	-0.750558
-4.96242	4.86218
-3.10527	0.629954
-4.90095	-3.15655
-7.48636	-0.752985
-4.99534	-0.312242
-7.85541	-3.22774
-4.26015	-1.67171
-1.14137	-3.68355
3.31839	0.17946
-1.1272	-5.84906
-5.97063	-7.04681
-10.4815	-7.78209
-12.8508	-11.1147
-13.1414	-11.6366
-13.693	-6.6962
-9.74018	-4.66166
-14.0063	-3.6378
-15.8731	-2.19934
-16.0785	-3.99601
-15.6602	-3.31675
-11.3961	-2.42777
-12.4421	-2.46049
-12.6207	-0.290328
-11.7062	1.00811
-8.72625	6.90511
-9.06552	2.0702
-6.67238	-1.66194
-8.8804	-8.68063
-13.3856	-5.61545
-9.79208	-2.79652
-10.0262	-3.03426
-10.9729	-3.85149
-9.78171	0.0324772
-2.78054	0.984668
-1.07574	1.16626
-7.89042	1.19782
-8.0328	-0.231247
-2.61437	-1.82112
-2.8245	-5.03203
-6.42885	-9.40721
-10.087	-8.41903
-13.3127	-3.92158
-19.7387	-4.14804
-12.8669	-2.08498
-8.7146	-1.82877
-8.45787	-5.49963
-8.51552	-5.62464
-9.85061	-7.67297
-11.8302	-10.6307
-9.36363	-11.3307
-10.3795	-12.4199
-7.96148	-6.90243
-9.47039	-0.331515
-8.98167	6.53845
-9.74408	2.24606
-12.1149	-1.60711
-13.7546	-4.19719
-13.3561	-2.62709
-19.0852	-2.07259
-11.9504	0.421844
-10.6893	1.40521
-13.9479	-4.13617
-14.0734	-0.744148
-8.80888	0.259631
-2.78879	3.95604
-5.96891	-2.05203
-9.99778	-4.76937
-9.02276	1.37781
-13.3285	-3.48011
-13.3613	-10.4016
-12.9115	-8.56299
-15.236	-3.74058
-12.6781	-0.989228
-1.58049	1.73922
-0.131751	6.74433
-1.05662	2.15046
-2.99856	0.380278
-5.98526	-1.00768
-5.93843	-5.29235
-6.83633	-7.43997
-12.4434	-0.0747448
-10.6235	3.54738
-13.7195	1.87241
-13.1339	0.608283
-16.4277	-1.99643
-15.3744	2.26059
-18.4254	-0.265098
-15.319	0.263069
-14.45	1.16733
-10.2352	-0.592751
-12.8513	-5.20134
-11.7137	-2.8199
-14.7064	-0.651349
-12.0325	-2.17682
-10.8559	-0.267995
-11.9824	2.49534
-12.336	-1.7885
-12.513	-5.02858
-13.712	-0.934823
-16.4542	-0.547909
-16.1518	-3.57478
-13.7069	-2.33513
-14.3882	-1.1559
-14.2832	-4.13619
-12.5643	-0.981705
-8.62786	-1.10928
-6.63852	2.14312
-4.66483	-2.12277
-5.54444	-11.292
-4.64458	-14.531
-3.2412	-10.6793
-1.89665	-6.99684
-0.132751	2.56391
-2.61176	9.2966
-5.26848	5.43661
-6.35647	6.99397
-10.8553	5.40169
-11.4436	2.46531
-5.90301	6.57771
-6.82515	7.54208
-6.25316	2.11263
-4.8787	-0.717135
-4.14787	-8.97716
-3.95926	-7.91605
-2.19202	-3.11228
-7.44476	-4.48434
-12.4017	-4.80325
-12.1064	0.453513
-14.3763	-7.39669
-13.8224	-12.6155
-10.7176	-8.80677
-9.58575	-8.98802
-12.8115	-12.3317
-11.6413	-8.16916
-10.4941	-3.72096
-8.56907	-0.923841
-8.7532	4.22066
-9.26946	5.12298
-10.6056	4.67877
-8.34364	2.36897
-1.88115	4.6819
-8.21458	1.92644
-4.67464	-7.62525
-0.247657	-8.58982
-2.86542	-6.60776
-1.35665	1.32493
-2.54588	-3.39381
-1.99953	-6.31086
-2.63141	-4.8456
-1.78958	-4.33541
-5.31746	-4.86136
-2.46803	-3.34177
-2.35249	-7.06209
-3.61759	-4.16976
-6.39123	1.53076
-8.6962	3.86517
-0.907982	3.77292
-0.101903	4.65668
-3.57056	1.04999
-2.54387	-3.28734
-1.52149	-6.4897
0.389624	0.153063
-3.06869	3.62055
-9.50188	2.81805
-6.66164	1.58174
-4.57872	7.25123
-3.37573	-5.20025
-4.34791	-2.78181
-5.12521	5.2147
-5.28845	6.06386
-1.9035	1.85993
1.20312	-5.90447
-7.20532	-2.12449
-2.83563	3.31555
-1.9018	3.21844
-4.81161	0.843036
-12.2918	-2.18966
-7.4674	-3.19041
2.98912	-0.288516
1.51604	-2.90595
-1.4221	-1.85259
-3.19129	-2.7457
-12.7341	-5.43164
-11.1881	-3.69244
-7.65525	-0.133783
-7.04772	1.25381
-10.9452	-2.68938
-9.70269	-3.6614
-8.87255	-6.83734
-8.22268	-7.32014
-8.46363	-3.26263
-11.889	-7.09269
-11.6224	-12.8801
-11.7754	-9.89129
-9.20247	-10.423
-11.4344	-11.2336
-12.8099	-11.758
-8.7532	-10.6357
-8.16506	-11.7725
-11.4557	-8.80776
-15.2783	-6.31245
-14.7087	-6.13235
-11.0863	-6.04407
-9.82233	-2.7896
-10.4515	-1.86704
-11.2871	-0.037366
-12.2088	-1.65448
-10.1985	-2.39037
-4.37776	0.193258
-5.88374	-1.51098
-8.0294	-1.11411
-3.59863	-1.36686
-3.11031	-3.70236
-0.486541	0.347888
0.259344	5.80316
-3.38033	1.33958
-4.49157	-4.69343
-6.53689	-7.05547
-7.0162	-4.06874
-4.72013	-1.31425
-2.86354	5.86043
-4.89396	0.97685
-2.50492	1.38647
-2.04833	5.39339
-3.56987	10.7352
-11.1714	7.26778
-10.7136	-2.009
-8.55135	3.9415
-9.56618	5.29833
-8.08602	2.06786
-9.85117	-1.39441
-10.1704	0.715675
-11.4724	1.45772
-4.85907	2.29855
-3.99542	-2.54804
-9.48043	-7.04591
-4.74194	-9.79605
0.549263	-3.62653
-1.2575	-0.75476
2.71408	3.65814
1.86183	6.21862
-2.25582	0.535189
-4.09064	-0.458166
-10.0676	-0.399044
-10.0144	0.584016
-9.09881	-4.04818
-2.1053	4.8911
-4.37351	8.94141
-8.87503	1.49103
-4.85832	-0.53724
-1.83249	2.48971
-5.45487	3.92092
-4.9526	1.41954
-6.42512	-1.03977
-3.97213	1.58289
-9.0418	0.315444
-7.21041	-2.99627
-12.6974	-4.56758
-13.7578	-9.90603
-12.2582	-11.011
-16.654	-10.5485
-13.5225	-5.53429
-14.549	-2.64414
-15.2869	-4.8255
-15.673	-2.7362
-14.5194	-0.830052
-12.1219	1.78055
-9.94325	3.71696
-14.5054	0.558321
-16.8437	5.60472
-11.2452	9.00631
-6.54159	5.05242
-10.8254	2.05032
-11.3591	7.24258
-7.38786	5.34888
-8.30666	4.50632
-7.86945	4.8687
-8.71802	0.356781
-7.30415	-1.647
-10.9535	-1.2347
-11.4148	-0.715706
-9.33871	-2.003
-11.114	-2.34241
-11.3257	-4.0295
-11.948	0.274294
-8.6201	3.70505
-7.38066	-0.8969
-4.89614	4.86423
-6.6764	7.9249
-12.1118	6.38838
-13.8492	3.57857
-10.9612	4.14442
-10.9324	6.22196
-11.625	1.64184
-11.9199	6.70184
-5.77228	6.92959
-5.54297	0.191863
-6.80388	-5.37721
-10.3499	0.28854
-13.8869	-0.781177
-6.78448	2.8941
-4.24874	1.52579
-2.61732	1.68032
-2.17515	3.753
-1.88281	4.30084
-6.05943	6.21237
-3.54335	4.95599
-7.9497	1.45393
-6.80966	-2.18195
-2.97502	-1.03178
-6.84745	-0.602895
-9.89526	-0.00910219
-11.8527	10.6192
-5.46541	1.46441
-5.0957	-1.86672
-5.93484	-2.54463
-2.78576	-1.56811
-1.5128	7.21416
-6.00186	0.574681
-0.273117	0.124192
-2.8178	0.350675
-9.37146	-0.125723
-9.29679	3.64076
-10.5218	-4.16683
-7.51894	-4.52048
-5.65937	-3.06579
-12.2076	-4.20447
-10.5923	5.90442
-9.4694	0.550326
-11.9134	-4.40199
-8.66347	0.583481
-11.5733	-1.74177
-12.7282	-5.54328
-11.8242	-7.20223
-12.1054	-8.18432
-11.8831	-4.2238
-13.1608	-6.60069
-11.9233	-8.34208
-7.82035	-10.8943
-4.89283	-6.6348
-3.18532	0.577135
-4.43663	-3.43804
-1.97493	2.19573
-0.853704	6.30661
-7.39448	4.34656
-9.39511	5.64074
-6.89043	3.85761
-4.85132	2.59422
-7.38528	5.31986
-7.68174	0.662488
-3.54604	2.93955
-1.8079	2.7436
-5.27272	2.80979
-11.4691	6.30268
-8.55946	8.67744
-3.90601	4.12451
-6.95947	4.95653
-14.3147	2.8798
-11.2295	1.97134
-3.27665	4.80774
-4.78787	6.54338
-7.31391	4.5801
-9.22351	-3.62843
-3.28372	-0.397173
2.23487	3.06482
0.173939	2.69192
-2.5896	-0.756429
-8.06792	-2.11936
-5.36884	0.394755
-2.34889	6.303
-5.88215	0.829993
-7.44595	-6.59873
-5.22677	-5.93061
-5.88844	0.649076
-7.45309	4.16207
-5.70928	3.61592
-1.85198	-0.226998
-4.09632	-8.74248
-6.54506	-11.013
-6.98944	-12.2974
-8.35435	-7.7965
-12.2989	-3.71899
-9.72643	1.24037
-6.87313	7.45285
-7.27798	3.45279
-9.85352	7.653
-6.6401	11.5378
-12.1199	0.776694
-12.7103	-5.01098
-10.3574	-3.22967
-10.2132	-2.69263
-6.1461	2.35251
-3.08725	5.41902
-7.54354	1.70526
-5.94564	3.15878
-5.56711	1.70815
-8.70233	-0.42003
-13.6382	-3.27468
-10.0694	1.51349
-12.5895	-1.75999
-11.9701	-3.95513
-14.3151	-1.99955
-13.6759	-7.03455
-10.8944	-8.31836
-14.1293	-1.23344
-14.1598	-1.39961
-16.8884	-1.90773
-11.4713	1.84038
-3.73693	4.80232
-3.49578	0.508775
-10.8862	-1.85213
-15.4594	-0.0793262
-16.425	-2.92566
-17.8284	-7.16247
-13.6277	-3.51093
-12.4229	-3.758
-15.0647	1.11644
-12.2584	1.72643
-10.9481	-2.24023
-10.5602	-6.78319
-12.7088	-5.13339
-9.46596	2.23023
-10.6305	-5.73512
-6.62834	-4.06885
-5.83683	0.269168
-7.49275	-2.41907
-12.9232	-6.87708
-13.0164	-11.894
-11.8112	-9.34493
-9.41016	-10.5154
-9.71587	-12.0064
-9.47638	-12.473
-8.84958	-10.6038
-10.5169	-11.8081
-10.5989	-11.9506
-6.88481	-9.9797
-10.0204	-11.7574
-10.6218	-11.9155
-10.0921	-11.0929
-11.5317	-11.6037
-11.1867	-10.4957
-11.9778	-13.6794
-8.66027	-19.3806
-7.68116	-14.5759
-5.05794	-8.82403
-8.19988	-6.33999
-11.2855	-1.13024
-13.2284	0.930906
-10.7976	0.226514
-10.6052	-8.51613
-12.6678	-6.32508
-10.4781	4.48837
-7.68288	1.82586
-6.94418	-5.03104
-12.085	-5.84559
-18.2536	-5.34916
-13.5991	-4.54485
-14.3364	-6.07522
-12.7934	-5.02685
-14.783	-1.1447
-15.4211	-0.687517
-14.5107	-0.685854
-16.851	-3.82847
-17.9496	-8.41383
-14.1104	-7.07351
-10.0637	0.0720766
-6.30383	3.07988
-13.1631	0.316349
-11.8734	2.41706
-10.6285	1.17076
-9.73821	8.31094
-10.7732	6.15901
-10.7052	6.12559
-10.8052	-0.501902
-12.0198	-1.48061
-10.5632	-7.93597
-10.6346	-9.72918
-8.06038	-8.25834
-10.5923	-6.08482
-6.33041	-8.65275
-5.96618	-9.1156
-8.79714	-6.43025
-10.1519	-9.10998
-8.28524	-12.2996
-5.63775	-6.78961
-8.22236	-8.58684
-10.4387	-9.58714
-12.2703	-6.73605
-15.5052	-0.0268435
-13.6344	0.727482
-15.0974	-4.76296
-15.089	-4.47503
-12.581	-2.36763
-13.7757	-5.71084
-14.8363	-1.50985
-13.6933	2.1873
-11.9443	1.62743
-10.6131	-3.99807
-12.5713	-7.45772
-14.7215	-6.46471
-13.4105	-3.3568
-15.8301	-2.85519
-17.2552	2.18818
-17.6613	-2.66602
-15.8238	-1.57899
-15.5557	0.716182
-16.7649	2.90568
-18.3235	-1.72429
-14.0939	-4.86622
-10.6003	-0.216968
-8.70482	4.54596
-18.5469	1.18235
-13.6309	3.60946
-10.4735	0.994978
-10.7596	-0.743298
-14.2511	-5.2789
-12.7962	-3.5639
-11.1065	1.34471
-6.73215	0.902891
-6.64034	3.36997
-8.45194	3.85155
-12.2164	-4.18975
-10.4845	-8.66972
-9.2862	-4.01795
-7.67636	-3.01216
-8.99523	-7.57484
-5.01382	-2.39185
-9.32694	-2.08253
-8.51731	-0.863974
-7.13575	-0.130248
-3.81895	2.59553
-7.544	-1.78984
-10.1947	0.367766
-11.4295	2.80884
-9.14155	-0.619454
-9.17046	-0.27685
-9.67802	3.10028
-9.22036	4.46334
-11.5698	3.69788
-8.45527	10.5811
-7.43108	2.11199
-3.06096	2.60602
-5.79864	3.59496
-9.88058	6.08064
-8.89409	3.33377
-8.20309	-5.84391
-10.8228	-2.29096
-13.8026	-2.05069
-14.1004	-3.39026
-11.9952	-14.5415
-10.3972	-12.4016
-9.60756	-8.12577
-8.7193	-11.9946
-9.30875	-9.02244
-10.2221	-12.463
-9.25627	-11.9393
-12.1835	-11.9294
-11.0825	-12.3068
-9.37715	-11.7779
-3.41309	-7.6311
-1.34146	-4.68065
-2.57439	1.29366
-7.32156	-1.74778
-8.13668	-1.52046
-6.47016	0.0774286
-8.99172	-3.80423
-15.9856	-1.69829
-11.8493	-2.88324
-12.489	-4.56008
-12.7333	-5.23527
-12.7451	-11.8472
-10.9022	-11.4124
-9.65277	-8.03063
-11.6885	-10.9027
-10.2077	-12.6839
-11.0015	-12.0821
-12.3587	-10.1108
-9.83542	-9.97743
-10.0505	-6.5058
-13.4799	-4.77283
-10.6697	-4.70809
-8.41301	-2.69039
-4.50481	0.565081
-5.55578	-0.388911
-5.64681	3.64295
-7.97047	2.87191
-13.2016	-4.3739
-6.667	-3.80138
-2.06772	-2.22042
-8.57671	-2.56532
-9.98004	3.27712
-10.5019	0.125236
-6.69523	-2.62106
-1.83105	-4.92862
-0.621943	-0.950161
-3.64357	1.6076
-8.92175	7.01884
-11.4487	4.27536
-13.4591	1.81939
-10.5414	4.33123
-11.0719	7.12418
-7.51647	3.94425
-12.3341	0.887753
-8.35032	-0.6624
-10.7	-1.57953
-12.5884	-2.57074
-7.64992	-4.62841
-7.81421	-8.3411
-8.89046	-4.0004
-10.5093	2.13669
-5.1936	10.5938
-4.98075	6.66167
-4.83804	5.91744
-0.745095	4.05403
-4.00032	-1.30028
-7.90927	1.90662
-8.60888	0.66436
-6.12601	1.48412
-7.57387	0.84757
-3.2471	1.35313
-5.50483	-0.0808119
-9.55114	-2.41609
-11.3985	1.16655
-10.4264	3.44335
-10.2002	-0.922977
-10.0909	-9.6623
-11.8293	-8.46047
-12.8362	-7.2579
-11.5799	-8.89429
-10.971	-7.3734
-12.9775	-10.8789
-12.3794	-9.02388
-12.1451	-13.2255
-11.1996	-11.7634
-14.8392	-12.0069
-11.2943	-16.0466
-5.35751	-10.9394
-8.35452	-6.26618
-8.06805	-9.06528
-10.0871	-9.29312
-8.69739	-1.93771
-7.50168	-0.715945
-8.97685	-1.44324
-3.86481	-1.27207
-4.03295	2.66864
-7.1257	0.827325
-3.96002	0.875415
-0.935071	0.716552
-6.17697	7.05886
-7.50834	2.3832
-8.84427	-2.4029
-8.28517	0.331233
-7.68176	4.33602
-5.75625	5.20888
-2.65965	5.09901
-3.81778	3.06281
-6.05534	-0.961651
-4.44184	-4.03694
1.24346	4.00987
-1.5461	6.29512
-5.81153	6.72898
-4.2945	5.56935
-2.77577	6.38479
-3.69172	3.09763
-4.91695	-1.03652
-4.38065	1.06405
0.261838	0.669274
-3.06011	1.75259
-3.00499	0.64429
1.73609	2.04467
0.417568	7.2571
-5.58732	1.38895
-7.43462	-6.83711
-10.0779	-1.03083
-7.90458	0.118076
-9.89497	-2.0303
-14.506	-11.127
-12.127	-6.99657
-14.1822	-10.1801
-14.7217	-13.4701
-13.724	-9.81199
-14.4878	-12.3582
-11.555	-7.86487
-11.7333	-8.99339
-14.6065	-8.82466
-14.8371	-5.41431
-11.436	2.50704
-8.98164	4.78109
-8.16755	3.45403
-8.10912	1.27203
-11.0426	-0.702009
-15.4974	-4.02402
-9.38468	-4.56772
-5.93134	-10.4755
-8.832	-14.6122
-8.18291	-12.606
-7.98498	-9.26443
-11.5413	-10.8284
-14.4745	-12.4406
-10.856	-9.39597
-4.91246	-9.68778
-8.06117	-11.465
-9.8344	-6.74916
-9.16879	-9.82029
-4.61622	-7.23445
-7.10433	-10.375
-10.3174	-9.54862
-10.3458	-7.83165
-9.16309	-6.90741
-9.67181	-8.73409
-5.70445	-8.01403
-3.68279	-7.13059
-7.07378	-4.72549
-3.61095	1.19074
-3.16944	0.975805
-2.43219	-7.61905
-7.29885	-7.72975
-11.7145	-9.86062
-10.4689	-1.09726
-13.6333	-3.49248
-13.5655	-6.2237
-12.7275	-8.05972
-10.5412	-6.82505
-9.38949	-7.17912
-8.32016	-4.23435
-8.2134	-1.98358
-7.2521	-4.08411
-7.02572	-4.64791
-2.42436	-2.53439
-5.51901	-3.2432
-2.97796	-2.09259
-2.32342	0.512458
-5.29633	-1.84108
-10.4459	-4.04174
-10.8042	-13.1535
-4.52423	-12.8597
-6.7123	-9.21901
-2.66302	-1.37848
-7.89242	-10.4002
-8.66078	-9.7073
-6.8223	-6.73181
-12.0631	-10.4997
-11.4329	-7.26289
-10.9425	-10.964
-13.764	-14.2108
-13.8477	-12.5511
-11.9746	-10.0896
-8.92416	-9.27648
-8.27315	-6.22689
-10.9433	-12.7254
-6.93522	-7.02371
-5.50886	-8.82091
-6.14527	-13.3952
-9.28665	-11.3645
-8.18334	-10.867
-10.0919	-12.4439
-7.50035	-8.86507
-7.52034	-7.49919
-6.13604	-3.33932
-3.10667	-1.35775
-5.44997	-6.07018
-6.77561	-6.55524
-3.27222	-1.72125
-2.84986	-3.25373
-2.72217	-2.68999
-4.52229	-0.913089
-9.3152	-2.55401
-2.68964	-2.93819
-1.17116	-8.11433
-8.78767	-11.3436
-12.3868	-10.0644
-10.8824	-11.2188
-9.55872	-10.7807
-5.60537	-10.1904
-7.29339	-6.48855
-12.6672	-10.1997
-13.8166	-11.8594
-13.4718	-8.93733
-15.4635	-9.01335
-17.1691	-7.78474
-10.1524	-7.20417
-11.2423	-9.55595
-14.9809	-7.35623
-11.7499	-3.07988
-6.71833	1.10649
-10.152	-7.52732
-6.74023	-4.40299
-5.72444	1.26651
-11.1524	-0.879445
-11.7771	-0.310369
-8.76458	-7.20783
-2.655	-5.12979
-4.1857	2.29711
-9.9844	-1.26124
-10.7009	-2.21457
-7.90984	-8.355
-5.91335	-8.21744
-9.47293	-2.88801
-8.60034	-5.81686
-4.31118	-2.06731
-2.109	-1.01876
-4.81261	-3.30727
-8.36858	-4.78524
-5.67418	-2.90489
-5.7583	-4.6422
-7.81745	-10.2446
-8.75797	-10.8678
-8.58748	-9.09385
-6.68754	-4.55944
-9.22235	-3.13576
-15.8319	-6.60426
-14.7216	-4.17112
-15.0447	-10.7701
-14.2328	-11.8339
-15.6611	-10.7774
-13.8361	-12.6582
-12.6208	-13.0162
-12.3506	-11.3123
-10.2797	-7.41875
-9.10196	-8.4673
-7.22552	-2.54946
-6.2799	3.85777
-8.94856	0.221323
-15.8849	-2.48172
-9.35064	-0.606657
-10.0086	-3.52517
-12.1212	-4.41974
-14.0054	-3.4823
-8.78852	-5.03928
-7.72018	-1.33752
-11.4133	-5.15523
-13.0052	-6.15853
-14.4635	-5.58121
-14.5261	-4.29035
-16.6191	0.624156
-15.704	4.09855
-19.3738	-3.5982
-14.041	-0.428895
-14.1999	-1.07638
-12.8296	-3.45631
-11.2241	-4.98789
-7.70064	-4.27477
-5.91466	0.881833
-8.02181	1.32368
-10.1202	-2.00057
-10.5424	-1.55085
-12.3978	-0.744467
-8.72892	2.98331
-8.88847	2.45752
-9.56597	3.94823
-5.02904	1.89756
-5.2716	2.01899
-3.30117	6.43608
-6.02609	5.37779
-8.63345	4.78909
-8.55548	4.7932
-13.0632	-0.726795
-14.5834	0.262511
-13.5023	0.699395
-11.9516	3.56298
-12.1012	6.19673
-7.59571	5.58801
-5.77576	6.44999
-7.17645	-1.61783
-7.13038	-2.15408
-2.70445	-1.64458
-3.67247	-0.90334
-4.75669	2.01272
-6.71154	2.37678
-2.5574	2.2356
-3.38232	0.532453
-8.56519	-0.0735731
-7.57518	1.92905
-7.83874	4.07824
-9.09181	5.05413
-10.6703	5.85848
-11.9408	-0.982834
-11.772	-3.72301
-12.8563	-3.4232
-11.966	-4.42664
-11.0133	1.59672
-11.4035	-3.15323
-18.3604	-6.17483
-16.0108	-1.54139
-15.5769	-2.9762
-16.6656	-3.27017
-18.6492	-7.4431
-10.2473	0.645428
-6.82085	5.18015
-7.28359	3.37459
-5.70364	-1.60723
-2.09613	0.885615
-0.811764	1.86068
0.5651	7.9787
-4.55889	3.85457
-4.50563	-3.80122
0.358868	-9.27543
0.0398616	-2.4782
-1.61623	2.72564
-5.18068	1.42483
-3.04856	-1.82583
-6.84478	-5.18378
-9.96452	-2.33206
-10.1826	-6.1398
-7.79339	-4.2061
-7.64993	-5.83917
-15.6574	-14.1441
-15.3391	-12.0832
-13.8557	-14.63
-12.097	-14.3613
-10.0855	-9.97139
-12.0854	-6.11535
-8.68575	-6.68319
-2.92164	-6.81505
-7.34745	-4.8806
-7.94763	-3.08552
-5.22503	-2.21212
-1.04317	0.882934
-0.27953	4.51113
0.200119	5.51402
2.42128	-1.01895
-2.76913	-6.89675
-2.68439	-0.1309
-11.4233	1.62763
-11.038	-1.95451
-7.64226	-4.90266
-3.87197	-1.29634
-1.27137	-2.95372
0.493161	-2.39785
-1.30259	2.77885
-2.78229	1.61945
-0.946067	4.29821
2.00399	7.15847
-1.06997	6.26571
-4.0163	8.65731
-9.17815	1.76641
-7.19919	0.955914
-6.70386	2.58326
-9.98299	0.430039
-6.01726	0.20966
-4.59732	2.4088
-2.4599	-3.66452
-8.72824	-5.73411
-4.20995	-2.73597
-3.89958	-5.89977
-6.70191	-5.95626
-8.05909	-2.55719
-6.39923	0.827614
-6.95434	0.234428
-7.67246	2.21454
-8.44724	2.81735
-4.56758	1.40251
-8.30652	-5.03922
-3.87731	-0.89812
-2.52682	4.10037
-3.94688	2.94288
2.32587	8.76831
-1.41165	-1.32839
-9.7694	0.0399136
4.65095	0.265912
-0.370229	-0.200985
-4.24008	-2.92901
-4.9171	-0.0690339
-1.50396	0.635269
-6.39033	-1.99297
-8.65291	-3.49745
-7.56615	-6.75524
0.481953	-2.12551
-1.5818	-8.79344
-1.31642	-4.10552
-3.04526	0.66235
2.22539	-2.77988
0.546535	-8.57823
2.70878	-10.501
2.46811	-8.22128
-5.80157	-7.92916
-7.33154	-6.62026
-8.28507	-7.0128
-3.89701	-2.14978
-1.51323	1.73992
0.388693	-4.33142
-2.90929	-6.8414
-3.39569	-4.57947
-2.40645	-9.96501
-2.05963	-7.19478
-3.181	-5.77545
-2.95125	-5.69411
-7.53046	-9.69334
-11.7126	-10.5322
-13.9411	-11.0408
-9.13231	-5.60056
-10.282	-6.34943
-7.74117	-6.67959
-10.2426	-11.2392
-7.63219	-11.2959
-6.2508	-13.6823
-6.64051	-12.0806
-6.29724	-5.6847
-6.65691	2.0013
-10.4302	3.29707
-8.01545	5.30945
-6.74745	1.93272
-5.16434	1.11142
-8.96348	1.30375
-9.93879	-4.04956
-17.1324	-8.30526
-17.5641	-7.36799
-16.5185	-9.15588
-11.9065	-7.66193
-8.09482	-5.35919
-11.3019	-10.6503
-10.7887	-8.08502
-11.8425	-8.37765
-11.524	-8.64817
-12.2825	-11.2235
-13.4309	-12.4232
-14.2092	-10.2584
-14.2021	-5.06894
-12.4953	-2.3909
-12.154	-2.41461
-12.969	-7.54746
-11.979	-7.37027
-12.8834	-1.73632
-14.0967	2.09183
-13.1824	-0.103039
-11.8362	1.91246
-14.2632	1.03662
-11.1759	4.80218
-8.01863	3.5713
-14.6356	2.7423
-15.8482	0.815409
-8.62018	2.1361
-5.13936	4.34883
-9.34365	-1.38312
-11.4622	-3.3776
-13.2183	-7.86583
-15.3897	-7.32392
-16.7563	-6.01799
-18.4998	-6.92196
-17.7141	-3.70774
-16.3981	0.588272
-16.6862	2.09123
-14.7207	5.58391
-12.7336	10.5588
-14.3814	3.22761
-13.114	-3.07876
-10.6414	-6.76882
-7.11118	-3.55187
-6.2285	-6.95456
-6.97868	-10.2586
-4.25035	-4.66548
-3.63339	-3.59543
-4.02543	-4.23879
-4.75769	-2.40633
-12.3332	0.363784
-12.9144	0.928387
-8.12429	-3.39629
-1.49698	-1.16482
-2.94785	-3.37612
-8.02039	-9.35314
-5.93566	-2.0271
-7.09148	-4.36127
-8.36794	-6.27072
-3.96956	2.19399
-7.90058	2.51958
-9.56332	-2.01068
-10.9165	-4.43476
-11.6212	-0.847201
-10.9456	-1.21259
-5.64896	-7.00893
-5.39162	3.06442
-3.38711	2.90093
0.236888	-0.843526
-2.66252	-4.18759
-2.21468	-4.14505
-8.83736	-4.45514
-4.3777	-3.99758
-6.07519	-11.5077
-7.87133	-9.95352
-10.5758	-11.0682
-12.4528	-8.91172
-11.9	-5.46652
-10.5278	-5.73028
-10.1439	-11.6675
-8.98195	-10.7436
-9.42749	-9.70549
-8.56729	-8.25241
-8.65196	-4.2361
-7.46393	-0.424434
-6.85745	1.10298
-5.2559	6.72235
-3.34253	10.8718
6.18184	2.28216
9.59903	2.0742
4.79626	6.33482
4.23771	-1.0287
-2.00133	-3.76658
-14.9212	-10.157
-11.053	-4.14069
-12.9761	-8.16595
-17.0392	-9.21953
-16.0918	-0.467636
-15.1321	-1.41639
-12.3573	-2.87997
-12.5957	-5.27401
-14.3193	-6.13399
-13.0622	-1.41067
-11.877	10.4081
-11.5724	8.51147
-6.70423	12.2159
-6.37642	8.06063
-6.34135	10.9565
-6.27683	7.57165
-8.02674	0.944448
-7.02734	4.53245
-7.06943	4.8187
-9.00061	0.640114
-6.99006	2.66466
-7.26666	-0.973747
-10.0156	-2.35488
-8.88575	-1.5822
-9.25149	1.28947
-7.72592	2.59184
-9.4078	5.49238
-14.2987	2.96377
-12.066	1.03958
-7.14567	1.31026
-7.09501	0.0696033
-0.733162	1.00098
-3.1545	2.59063
-4.9391	3.88259
-1.27858	6.2647
-5.22414	1.70354
-0.860948	3.18299
1.442	-5.61003
-7.85934	-2.64502
-9.52653	-7.30168
-9.25166	-1.9439
-3.88204	-0.0276555
-1.17911	3.16144
-3.27562	3.05398
-9.17549	3.95418
-4.84174	1.62574
-3.03283	-4.81795
-4.65405	-1.06233
-5.35552	-0.447933
-9.30105	-10.2772
-13.5136	-9.43571
-15.6024	-8.44517
-12.786	-8.79516
-11.7219	-8.25086
-12.2824	-7.61766
-12.8458	-11.2511
-9.99833	-4.45557
-11.2031	2.31809
-7.18515	2.43967
-7.03268	2.52661
-11.0904	2.72816
-8.40877	2.53622
-13.6833	1.87794
-16.017	0.521994
-15.203	-4.3705
-13.058	-2.25087
-10.2395	-8.47308
-13.2741	-8.25091
-13.6032	-2.36185
-17.4586	-1.97878
-14.6654	-1.53837
-15.6709	-2.18353
-16.2285	-3.91314
-11.8031	-1.5405
-16.3026	-3.64566
-12.1802	-1.81463
-5.90897	-5.62056
-4.76217	-3.45926
-1.47033	-6.44099
-1.10771	-5.07934
-2.2356	-3.09705
-7.48162	-2.49831
-3.22264	-2.12937
-4.71631	1.75666
-7.23363	1.16026
-7.71838	-2.90512
-12.7124	-2.98095
-14.1201	-2.30777
-12.4085	-0.5274
-10.086	2.47216
-8.9487	5.89276
-7.18887	5.99846
-7.6	4.66194
-11.0444	1.0871
-10.4183	0.917131
-10.0003	4.95429
-9.89628	6.51214
-7.81806	8.43548
-10.8674	7.3767
-9.64172	5.89424
-10.2309	5.22726
-6.71597	9.14065
-1.77304	9.41687
-3.10426	5.67207
-9.82951	2.95735
-11.1998	-1.29459
-8.30802	3.54192
-14.399	-1.44177
-9.47186	11.3191
-12.0495	14.3225
-17.9742	3.00665
-15.3081	4.11136
-14.609	-3.621
-16.3422	-5.46448
-11.1793	-0.112678
-8.17604	-1.50095
-7.29052	1.81569
-15.6775	-4.69769
-16.6808	-3.78366
-15.8864	-2.24184
-17.8867	-7.26348
-15.6668	-2.71582
-14.2706	0.588457
-8.35753	-0.844316
-7.08468	-8.58656
-8.33778	-1.62506
-10.7389	1.96009
-11.4962	-2.92588
-9.85707	-2.97555
-8.06455	-5.61657
-12.3508	-6.18936
-12.5544	-0.220592
-12.2855	-1.18677
-9.35624	-5.93754
-9.21821	-2.12759
-9.40587	-1.89523
-9.04665	-3.90141
-11.1927	1.83241
-14.7897	2.1374
-17.6441	-2.49028
-14.1535	4.37909
-1.34465	9.2631
0.142478	6.90947
-3.00664	0.183004
-4.78877	-1.43954
-3.94148	-2.51325
-3.81208	-4.2525
-9.62749	-0.26459
-6.61274	-2.78527
-3.74674	-0.428028
-9.9101	0.846208
-15.9504	-1.85554
-15.2642	-6.94175
-10.7198	-3.8148
-10.1936	-4.54068
-7.64062	-5.6556
-11.8115	-11.0001
-12.1131	-13.3699
-11.9961	-14.9442
-10.9191	-14.0538
-13.1486	-11.3353
-14.1005	-7.7617
-11.3108	-12.4223
-8.78502	-10.5446
-10.3601	-10.1737
-10.0988	-9.38478
-10.2696	-7.94394
-10.5155	-6.33917
-12.6989	-9.28546
-11.2738	-8.57932
-11.3131	-3.18343
-16.8061	0.480678
-21.5083	1.50772
-13.6214	11.0334
-4.38072	17.3076
-8.28086	8.61933
-12.5226	0.930609
-15.2029	-0.817785
-17.172	4.48749
-16.543	0.644857
-15.5279	-0.725578
-14.0436	-5.36758
-12.4379	-4.28119
-10.3996	-0.249425
-4.39835	4.77254
-9.81171	0.658496
-10.4699	-1.86465
-6.89068	8.24437
-2.60638	1.92511
2.39296	-1.98154
-0.328159	5.12389
-6.46862	4.35329
-10.1926	-3.72685
-9.73416	-0.429522
-11.1879	2.0939
-5.55734	0.873405
-6.4098	-1.86975
-13.9869	-0.0579086
-15.0168	-2.0794
-15.0519	2.87773
-14.9041	-4.205
-7.34029	-7.582
-9.68689	-2.84438
-8.64257	2.41857
-6.08007	1.82826
-2.45175	3.08046
-4.43446	1.18891
-3.49672	-6.87383
-5.33038	-4.4672
-8.90599	2.64862
-11.0021	4.88069
-10.5103	-2.01154
-14.6816	-5.36589
-13.7215	-7.37439
-10.8396	-9.12817
-9.52186	-10.9444
-8.34805	-13.223
-10.6888	-9.96636
-12.5722	-10.9889
-13.5259	-13.8133
-9.98165	-11.1448
-12.0187	-9.86059
-13.2727	-9.45966
-15.1482	-9.48955
-10.8757	-5.21072
-8.84192	-8.58037
-11.2544	-8.26973
-11.7598	-7.85521
-11.2959	-5.53855
-13.1035	-3.66179
-11.3966	-1.15583
-11.799	-0.245967
-11.9863	-2.46292
-11.9906	-3.59421
-10.311	-4.13431
-11.0279	-5.83193
-10.4677	-10.4175
-8.8595	-14.4676
-8.4324	-11.7879
-11.2024	-9.99906
-11.7352	-9.84058
-10.3492	-13.2791
-5.8137	-9.93976
-1.90981	-8.80598
-5.12469	-8.3437
-6.58703	-13.2235
-7.16587	-14.9442
-7.95901	-13.7664
-7.32003	-7.74456
-12.1692	-8.85768
-11.947	-10.3662
-12.6382	-11.8319
-10.5428	-10.5158
-10.1281	-12.1924
-10.3338	-10.0139
-12.5567	-10.2306
-10.2188	-12.9512
-3.72835	-7.19483
-6.42021	-2.61635
-2.4086	-4.47351
-4.6023	-3.09909
-7.22973	-0.473566
-7.87153	3.55587
-5.67113	2.70486
-6.95913	-7.0565
-9.72319	-5.3797
-13.8431	-2.36744
-12.8439	-1.61959
-15.4967	-1.70322
-14.4752	-4.08888
-15.5216	-7.52494
-14.9789	-2.60587
-12.0804	0.271129
-15.9283	-1.21257
-8.33646	0.477185
-6.6488	2.22426
-5.70771	3.34112
-7.47342	2.69513
-8.73645	2.48989
-9.85467	1.47272
-8.25116	1.90081
-7.12553	3.85515
-11.8915	1.76037
-12.3567	-0.865256
-10.6227	-2.90549
-6.96324	-0.299772
-6.77172	-1.27445
-6.74147	-0.621063
-5.95534	3.64384
-5.00594	1.09048
-3.21392	2.03796
-3.8303	3.4007
-4.74678	3.69755
-7.55288	4.00813
-7.4446	-0.0105984
0.273292	-1.65014
-3.49208	-4.36739
-12.0239	-4.86267
-10.5422	-4.70154
-12.6441	-8.39882
-11.871	-0.326184
-7.01786	4.61577
-5.41957	2.56403
-1.53301	-0.394028
-0.905077	-1.59703
-3.55131	-5.93099
-6.76591	-1.40795
-7.19741	0.294611
-4.51278	1.47
-3.29936	4.95318
-7.70463	-4.90505
-3.94929	-10.4098
1.37567	-7.71888
-4.21582	-2.31629
-3.35265	-0.734596
-6.4069	-2.015
-6.74355	-6.92917
-8.27585	-9.21362
-5.70011	-9.45785
-6.72691	-5.88027
-7.15741	-1.83337
-6.89262	3.08044
-5.20668	1.9034
-5.64583	2.86292
-7.793	-2.23874
-10.6885	-0.519677
-12.574	1.07732
-13.5532	-4.48977
-8.51739	1.68882
-3.96584	0.152447
-4.84622	-2.57789
-9.67995	-12.0007
-12.4164	-11.5926
-13.3694	-10.5307
-11.5318	-6.37436
-11.1083	-9.74589
-7.75407	-9.61705
-12.7039	-14.4462
-13.0254	-13.4582
-9.78407	-15.3746
-7.01829	-7.14517
-8.53333	7.27624
-7.21836	5.17685
-11.973	3.11345
-9.53897	5.99765
-10.5776	1.60601
-14.1093	1.13719
-12.6994	0.891309
-7.06397	5.02101
1.19601	5.24069
-0.245662	6.49444
-1.68614	10.1483
-1.79343	11.0597
-4.49726	4.62123
-6.31477	2.48405
-5.5923	6.74544
-6.79435	4.76806
-9.52508	7.92979
-8.76252	6.87739
-3.77447	8.01733
-3.47218	5.18264
-7.2152	-0.250677
-6.45492	6.87338
-10.1561	3.45336
-10.234	7.66757
-4.6846	8.46813
-5.08936	2.64014
-8.95215	-0.140893
-8.49353	-5.34491
-10.1005	-7.87087
-12.832	-1.30355
-12.4699	1.23139
-13.566	-1.72462
-10.8154	-0.323784
-9.43322	-2.8001
-10.7446	1.30477
-4.87074	6.28091
-2.60431	4.38755
-3.80764	4.33116
-3.75007	-4.32907
-1.11613	1.82301
-2.34362	7.20525
-4.8528	5.53199
-5.76767	3.72464
-4.81892	-1.78981
-6.53846	-1.47864
-0.24872	3.29333
-2.23604	-2.45542
2.58399	-3.80348
-2.15919	-5.09153
-6.91872	-5.98273
-6.80498	-3.24078
-4.12058	-1.1638
-6.86361	0.585405
-10.5672	-4.15984
-12.0818	-10.3821
-11.6648	-11.3708
-10.3308	-10.2474
-10.5985	-7.40307
-12.101	-8.01596
-9.23835	-6.86118
-4.12861	-7.57906
-10.3476	-14.0782
-8.75094	-8.38782
-6.24055	-8.36518
-9.69091	-9.65462
-6.20105	-7.95495
-8.42924	-9.6205
-6.10396	-6.70893
-4.73448	-5.958
-10.3102	-9.47212
-6.64613	-7.92257
-8.99413	-12.1118
-11.3495	-11.1997
-7.12029	-8.0652
-4.33897	-7.05842
-11.0419	-3.68759
-8.3677	-0.670481
-3.89716	0.572989
-5.62151	-2.31601
-6.07756	-1.40122
2.47497	-3.99799
-0.298171	-4.70442
-3.74976	3.05363
-9.19283	1.06902
-4.42139	-1.36138
-4.52357	2.7244
-12.4705	-1.38548
-11.4725	-0.519438
-4.52654	-1.65588
-0.590109	-3.01587
-9.05693	-8.10162
-11.6579	-12.0167
-8.50211	-5.50153
-10.7782	-1.35025
-12.3779	2.47624
-5.76766	1.32103
-8.99063	-7.07323
-8.19513	-4.8319
-10.4639	-7.7865
-10.0824	-11.1166
-10.4887	-13.9778
-11.7663	-12.4015
-10.3776	-10.1596
-12.4402	-11.7461
-13.8753	-10.6831
-13.2794	-2.57902
-5.69987	2.08528
-2.9568	3.27234
-5.71612	7.12605
-11.2324	-3.1611
-13.3976	-7.62475
-12.6529	2.33144
-6.69117	6.7351
-2.55901	2.81022
-1.37732	5.69784
-1.39358	5.61982
-4.48701	5.13717
-7.18221	1.46011
-10.3299	-3.34758
-7.11044	0.684735
-11.033	-3.92764
-14.4416	-6.55318
-14.9518	-8.34869
-17.6199	-6.69724
-13.2017	4.07008
-12.6004	5.30936
-13.8021	-1.96014
-11.8268	3.29922
-12.6399	6.92994
-12.1721	-3.84886
-8.20067	-5.51891
-7.80664	-2.68282
-0.852805	2.22168
-3.43328	2.15774
-4.16998	-0.352028
-5.32185	-4.73786
-1.72797	-2.79494
-8.02281	-2.62227
-12.0366	-1.7214
-10.515	-1.82661
-9.14354	-0.596126
-11.9423	-5.35262
-12.2603	-12.1019
-7.02016	-5.04303
-7.12488	0.0276009
-3.9019	1.91726
-1.78162	-1.76515
-3.05656	-0.645086
-1.2475	2.17894
1.86493	1.02009
2.87096	0.815122
-5.5548	-5.89313
-3.5012	-5.76303
-3.37703	-1.58627
-6.48935	-2.588
-9.45507	-8.49577
-10.4663	-8.70632
-7.27475	-5.19252
-2.80251	-3.51909
-3.08972	-0.784552
-5.37899	0.976882
-3.83722	2.13979
-6.02861	0.0711462
-3.09075	1.09688
-7.23936	2.12271
-7.14691	5.91673
-4.701	3.22812
-7.05056	1.11657
-7.19891	-6.87884
-6.26999	-4.91936
-8.62452	-6.47057
-11.4307	-14.2771
-9.37976	-11.9512
-11.2563	-13.1923
-9.50342	-10.1138
-13.6056	-10.4339
-10.0269	-6.45869
-6.03255	-7.87968
-6.00338	-10.8362
-4.68759	-6.40301
0.487111	-1.04302
-2.42737	-1.67226
2.31455	1.03527
-6.57769	-2.00371
-9.78016	-0.218806
-10.5888	0.0156283
-7.5973	-6.41099
-2.66197	-6.35781
-4.69356	-7.02491
-0.469346	-3.10994
-3.18173	-1.5215
-6.41089	-2.68176
-7.91121	2.94476
-7.78852	3.18465
-15.2104	-5.95269
-14.8859	-7.01372
-13.8373	-8.88655
-14.634	-8.75177
-15.7997	-11.5416
-14.303	-9.55544
-11.234	-4.41164
-10.0845	-7.4419
-11.363	-10.863
-8.87397	-9.66199
-9.04913	-8.82115
-8.8667	-10.3918
-10.068	-9.76207
-10.407	-8.20692
-12.8528	-8.33361
-14.5501	-9.7438
-14.5339	-3.97181
-15.3795	-1.38589
-16.5855	3.18447
-16.0672	3.98946
-15.8121	-0.815215
-12.7277	-3.32677
-6.55945	1.77315
-11.476	2.38942
-13.497	-0.235142
-15.8366	-6.30544
-13.0545	-8.87048
-9.91803	-2.21813
-4.9477	3.37189
-7.04499	3.86281
-7.0045	6.55503
-9.68991	5.45985
-9.20117	3.05276
-5.91746	-2.38727
0.166896	1.63408
2.0545	1.11123
-0.966817	2.04672
-1.75512	1.31557
-7.82266	0.930278
-5.52061	-1.52852
-7.95673	-2.05494
-13.4391	-12.8429
-12.1521	-16.639
-10.7609	-13.855
-11.6931	-11.8836
-15.669	-14.2169
-13.4763	-13.8958
-10.7836	-12.9267
-9.89445	-12.3377
-11.1472	-12.1845
-9.94458	-13.9902
-9.90457	-7.99744
-10.3656	-8.47675
-5.5537	-10.7483
-6.87564	-7.41678
-7.37978	-3.69406
-5.74044	-2.66809
-5.5322	-2.6379
-1.81009	-2.14697
-4.4791	2.09144
-5.69036	4.81176
-5.9459	3.6072
-6.19612	1.90592
-8.0999	-0.943169
-10.5319	1.4459
-9.80285	-0.393473
-9.80947	0.542145
-14.4565	-2.52745
-7.715	-1.44796
-8.42796	-0.966386
-12.0917	-0.266074
-7.63788	3.50859
-11.1961	1.33105
-11.0224	-1.28812
-9.92112	2.5017
-6.74471	7.73981
-6.50579	0.114828
-10.2925	1.85816
-10.3737	-5.85762
-10.5935	-9.13712
-11.7547	-7.21663
-11.78	-7.33369
-8.86152	-3.47804
-2.76991	0.1189
-2.36584	1.74914
-7.52511	0.72296
-3.25733	0.034149
-7.0025	-2.40731
-9.68669	-3.13275
-7.24199	1.86184
-8.40062	4.65228
-9.9225	-2.97278
-10.7921	-4.87671
-10.4255	-7.6844
-4.34174	-6.25129
-2.13781	1.65007
-3.86982	1.43064
-4.00414	4.21545
-3.82909	2.6135
-0.323354	5.64621
1.61917	2.72645
0.628845	1.70055
-2.9305	-5.56881
-6.688	-5.29975
-7.7052	-3.06457
-5.76882	1.24291
-7.60871	-0.333312
-5.59328	-1.79698
-6.44424	-2.06175
-8.32265	-1.75519
-8.96531	-3.43181
-9.35875	-5.04727
-11.011	-9.23464
-9.50637	-3.92222
-14.8865	-5.93558
-12.3578	-5.32102
-9.98192	-11.638
-11.0736	-14.1208
-8.11749	-9.61271
-9.63856	-12.6304
-10.5978	-7.1185
-8.7894	-9.051
-5.45207	-12.2772
3.12757	-5.39908
-0.590386	-0.505157
-1.30253	1.7343
-0.680738	2.40625
-4.54179	2.11579
-5.45054	-1.13562
-3.82913	-0.606025
-2.30817	2.37682
-4.76533	0.0733543
-8.4275	1.30254
-7.28088	6.6407
-7.73573	3.67347
-3.79155	3.62524
-1.12448	1.01787
-2.85377	7.13913
-0.93877	3.75205
-3.46516	0.582518
-2.73259	-0.0285407
0.142417	-0.0793965
-5.15688	-0.41556
-7.56073	-2.86248
-5.54197	-3.28102
-3.6558	-3.48772
-5.10042	-2.86375
-3.2123	-2.0987
-6.67358	0.130625
-11.2565	-0.544628
-12.5261	-0.500658
-8.30288	-6.49261
-9.8298	-8.52806
-8.48901	-9.44954
-10.8298	-12.4784
-11.0384	-10.7322
-12.2063	-11.137
-8.7976	-11.3284
-5.6471	-11.2583
-8.01563	-7.22556
-9.12831	-8.96676
-8.27828	-12.1849
-6.8822	-8.65962
-9.85547	-6.80439
-7.67637	-9.34101
-4.75042	-7.00127
-3.16776	-7.32573
-5.79353	-9.64048
-10.3362	-12.1458
-11.6972	-7.4876
-12.6547	-3.97357
-13.3221	-1.88754
-13.9325	-0.53419
-17.0914	-2.39316
-15.5013	-7.12531
-15.2408	-6.6991
-14.9278	-2.96895
-12.9284	2.48168
-11.1288	7.38999
-10.9795	6.77199
-6.71515	8.87142
-3.9256	3.34164
-5.7193	-3.71693
-9.89288	-5.06688
-9.65529	1.45671
-6.12744	7.50321
-12.0795	-3.01191
-13.9379	-2.26541
-9.25242	8.5188
-11.7484	6.21233
-14.6348	-2.31216
-11.9291	-6.92006
-10.4768	-7.97211
-11.8025	-11.9481
-10.207	-13.3519
-9.7707	-12.2919
-9.51935	-9.38388
-8.62419	-7.0075
-11.5186	-7.58525
-12.5454	-7.74477
-12.6256	-4.62171
-15.2423	-6.55913
-14.2255	-1.24749
-10.0569	0.808477
-6.22504	-2.01538
-4.16738	4.9288
-8.78464	0.553103
-8.88347	-3.04143
-7.24017	-2.72784
-6.2371	-4.90238
-4.96343	-5.75968
-7.87934	-4.86952
-11.1071	-8.00554
-8.30643	-3.68707
-11.4533	-1.95349
-15.2711	-1.42011
-14.2141	-2.23215
-10.4222	1.23928
-4.87375	1.52131
-2.15025	-1.16191
-1.74059	2.7602
-7.19646	2.83443
-5.62645	-0.879228
-1.37402	-4.68478
-2.93728	-7.32146
-9.49066	-6.55121
-12.7564	-5.56728
-12.2498	-3.46458
-13.6912	-5.05183
-13.2807	-6.04057
-7.21985	-2.2305
-11.3401	-5.45066
-6.48674	-1.6747
-3.20336	2.99506
-7.85219	-1.94306
-11.5992	-8.05712
-10.5906	-10.0206
-8.08744	-11.755
-9.53464	-12.413
-11.5876	-8.57063
-12.9008	-8.72108
-8.93677	-10.6949
-11.2641	-9.82931
-9.17667	-9.5494
-6.12508	-11.7262
-6.06067	-10.1012
-5.24497	-1.45701
-7.8766	-7.51652
-6.02113	-9.50544
-10.2891	-4.10913
-11.4603	-2.55868
-8.48768	-2.718
-15.2265	-2.99699
-15.7676	-2.36361
-15.6789	-6.93613
-15.1651	-6.98506
-14.1785	-8.72046
-13.0834	0.977649
-13.8452	0.751621
-7.62677	2.73607
-4.4188	2.64336
-10.3306	-5.47212
-11.5719	0.231793
-17.0004	4.57018
-13.1519	5.48207
-11.0662	4.52691
-8.34221	3.54934
-10.9861	1.74845
-12.3359	0.0650482
-8.32449	-0.267811
-5.68504	-0.522309
-4.29711	0.927101
-3.93557	-5.35837
-4.88448	-3.96368
-0.356668	-0.470436
2.41412	-0.505425
-2.99881	-4.94566
-5.96541	-1.46516
-6.86684	-4.11243
-4.03962	0.432238
-7.56046	-1.35219
-9.40565	-3.89199
-10.2901	-10.651
-8.97328	-4.47795
-11.4419	-5.0659
-9.57854	-3.97061
-10.3928	-4.17944
-8.74716	-3.47359
-7.62988	-3.50041
-7.96892	-3.79814
-8.11034	-3.98456
-10.5012	-3.32844
-15.7351	-2.01871
-12.9342	1.02929
-10.646	-0.586453
-8.50533	-0.506039
-9.39887	0.350104
-7.0856	-0.874783
-8.91782	-7.52795
-9.2324	-4.52955
-10.9742	0.112225
-11.8446	-3.06711
-13.0447	-1.98681
-14.2273	-4.23717
-13.5633	-2.34712
-13.7413	0.0704729
-13.3204	4.07489
-9.79775	10.7154
-10.5209	10.7264
-10.7144	5.45838
-9.17307	4.57256
-7.99947	3.51897
-7.53051	3.36812
-12.317	3.6572
-14.1736	6.4223
-15.8519	2.3881
-13.6909	1.37073
-13.3491	-2.26421
-9.91101	2.73839
-8.79576	5.10116
-8.24166	1.52587
-7.49496	0.0981075
-3.85123	0.771647
-3.8636	-3.90763
-3.82636	-2.49576
-0.637838	4.05366
-6.77724	4.01376
-5.18998	3.6889
-2.75361	1.11765
-4.02888	1.2166
-8.80376	2.62615
-5.8505	2.81453
1.02647	-0.199443
1.28103	-3.11398
-5.81811	-4.81403
-5.35052	-2.55351
-7.29015	-2.75672
-5.34372	4.34405
-2.86873	5.39403
-5.77989	-1.64465
-8.60513	-2.36399
-2.97102	-2.40666
-1.98979	3.75762
-7.11357	0.962462
-5.50777	0.656946
-7.58876	1.23458
-11.9779	3.86142
-10.6378	-0.934864
-10.9664	-6.52705
-12.4551	-2.66059
-16.9109	-2.37376
-12.2442	-0.916439
-12.9828	2.20334
-10.1317	7.22157
-5.38436	4.55684
-5.47544	3.23392
-4.10714	3.43012
-9.17445	4.84158
-5.87227	1.89162
-2.26006	-1.56096
-1.73833	2.54901
-9.95572	-7.41709
-14.9237	-10.2477
-17.6161	-7.19994
-13.0634	2.50665
-13.6025	0.211379
-16.4188	0.524965
-13.9909	-0.812973
-11.7848	-0.186578
-14.1303	-5.72711
-11.2759	-7.16749
-9.32833	-10.281
-9.59506	-11.5034
-8.87903	-13.814
-9.6681	-14.2203
-10.3314	-10.0149
-9.41256	-10.7839
-10.1917	-12.3382
-11.001	-8.46754
-11.1329	-12.151
-9.49519	-8.93251
-14.1165	-7.17955
-14.9096	-4.50383
-12.6656	-3.41127
-14.8039	-1.57399
-19.6461	-2.7776
-17.9011	4.60902
-11.4231	12.3483
-13.0201	5.33392
-15.4294	-0.399959
-14.537	0.667607
-13.4896	3.13083
-12.2597	3.52824
-9.8071	4.85293
-14.5464	-1.42986
-15.7073	-9.58334
-11.6414	-6.13742
-4.86015	-4.75203
-3.44797	-1.35056
-2.95571	-4.11634
-6.76157	-6.20055
-8.56625	-3.65132
-10.6922	-3.73357
-17.8573	-4.20465
-20.0353	-7.48993
-13.9701	-7.10598
-16.2117	-7.98996
-14.1146	-3.73363
-12.5899	-3.50342
-11.3638	-2.8221
-12.7258	-8.82246
-9.39204	-2.8658
-11.9224	-5.09191
-14.4432	-9.91227
-11.5921	-10.3932
-13.8306	-13.1554
-15.9793	-10.3189
-8.22147	-6.1741
-1.61007	-2.32242
-7.24658	-4.83877
-8.55531	-4.37406
-5.59367	2.47541
-12.9473	2.03281
-16.2407	-4.35034
-6.80512	1.23792
-7.32016	3.30483
-13.0208	0.545382
-14.9886	-7.8268
-11.5289	-6.47076
-13.7357	-15.7167
-9.13645	-13.3419
-9.91029	-11.4232
-8.14399	-11.1052
-6.32252	-12.5458
-7.9114	-12.7489
-4.94825	-9.3731
-7.65491	-9.62026
-8.18442	-6.68107
-11.5485	-6.63485
-13.5311	-3.61732
-12.471	-4.06359
-9.86774	-0.200284
-9.35495	1.75012
-10.4297	0.878599
-11.9389	-3.12095
-13.4767	-0.406006
-12.9397	-1.63366
-12.0995	-3.92859
-14.1685	-5.12272
-16.72	-2.21788
-15.1332	-0.691422
-13.8096	-5.94303
-10.8943	-7.59308
-16.1885	-5.76026
-14.4753	0.195575
-5.32378	2.06536
-7.76419	1.92011
-11.9283	4.64827
-8.72048	1.4936
-8.5757	4.77451
-10.6293	1.72626
-11.0159	1.72741
-12.701	-3.54903
-11.1533	-12.4565
-10.0479	-14.0797
-12.3568	-13.2525
-13.2027	-10.8831
-12.9522	-15.9786
-9.18601	-12.3325
-5.99857	-13.5794
-8.64215	-11.8056
-10.7659	-13.5158
-9.51586	-9.21893
-4.2458	-3.13028
-6.67492	5.02083
-7.79332	7.40009
-6.21004	1.55587
-3.0451	-2.1589
-9.02845	-3.78172
-13.1039	-6.63251
-4.86799	-1.92606
-5.66356	-1.37903
-6.11562	-2.27246
-3.0493	2.33141
-5.45771	-0.683541
-10.5544	-0.874013
-8.74226	3.15087
-9.15916	1.72067
-10.2744	2.23164
-6.20939	1.55854
-5.82822	1.21871
-3.02139	7.86873
-1.28305	8.06358
0.663004	1.51991
-3.86628	1.00604
-17.1831	-2.41205
-14.0105	0.435907
-6.07034	3.19732
-2.81267	3.24399
-4.96561	0.229925
-3.74955	3.42004
-5.40103	-0.612239
-3.28432	-0.251617
0.425254	4.40262
-5.15172	5.24787
-8.57223	-3.71479
-8.02608	-3.2736
-4.28185	-1.10858
-6.78042	-6.77599
-7.96672	-8.44956
-11.0858	-7.00393
-17.4816	-5.48138
-17.3637	-7.73371
-14.2298	-4.17132
-14.8698	-4.647
-10.4184	-6.47533
-5.68831	2.18467
-10.2648	6.21287
-9.23013	10.6801
-8.2262	10.4952
-10.772	6.53602
-17.8974	-1.45519
-17.9851	-9.24868
-9.77677	1.48474
-2.07934	6.98822
-7.2513	7.57252
-13.349	2.3732
-12.2785	-1.95205
-12.0422	-0.0249921
-12.8189	-4.39079
-13.3295	-6.63524
-12.9523	-10.065
-14.4578	-5.57319
-11.5294	-4.53209
-9.66431	-3.87717
-12.5325	-9.46562
-8.49995	-9.20079
-7.23716	-11.0964
-8.49556	-8.46223
-10.7171	-12.8463
-10.0332	-11.2781
-13.2877	-7.46872
-16.3006	-7.6601
-14.1173	-8.21175
-14.4518	-5.82613
-13.8886	-5.02677
-11.3672	5.42754
-10.001	6.57494
-13.8441	-1.81078
-12.7884	0.966959
-12.1482	5.27094
-8.76428	7.76327
-10.5429	0.569571
-8.37469	1.19763
-3.09735	2.3565
1.82753	6.12937
-1.91768	0.253215
-8.53754	-4.42177
-4.26565	5.20446
-6.98753	3.13982
-4.48852	6.1378
-5.36037	3.80593
-5.36436	-0.687284
-4.76293	-5.04008
-7.07122	-7.20809
-2.48426	-0.394066
-1.71453	0.213776
-6.20295	1.03774
-8.86847	-0.758198
-6.58036	-0.52531
-4.64971	5.87626
-7.12619	1.93617
-7.35649	5.41529
-10.3166	-3.68283
-13.1014	-7.44534
-14.9485	-0.180896
-14.3091	1.66208
-10.0009	-0.486445
-5.23812	-0.750626
-7.34088	-1.61297
-7.48384	4.01222
-10.0606	0.812149
-10.3664	-0.805576
-6.56477	2.29489
-7.57027	-3.07052
-6.48974	-7.42909
-5.37606	-4.40573
-4.96447	-1.81192
-5.25638	-0.946678
-7.03706	-5.1143
-6.76797	-3.83036
-5.62115	-6.13943
1.10177	5.09348
0.169644	1.10929
0.373451	-4.07096
-3.7953	-1.91518
-5.31776	-2.82962
-4.80325	1.8712
-4.65176	2.53036
-2.76315	-3.11269
-3.1402	-4.02876
-4.30684	-3.07608
-1.57942	-1.21739
-4.45676	1.00445
-1.00741	1.43736
3.14149	1.145
2.03899	1.61321
-0.0274099	3.73411
-6.11631	1.45866
-4.40523	1.49795
-5.3723	5.72047
-4.00623	2.70629
-5.48676	-3.24471
-6.41554	0.127664
-7.79334	2.42091
-12.2624	0.426577
-10.7932	-0.184927
-8.20169	1.05069
-12.6074	0.320553
-8.90364	1.23553
-11.6258	-3.1838
-14.4009	-2.00024
-17.5229	-4.52507
-11.1805	-7.5311
-11.8428	-12.5593
-15.0269	-18.8676
-15.5903	-16.1429
-16.3764	-16.8681
-10.4222	-9.09017
-11.2487	-9.20428
-13.6163	-3.22155
-12.9998	-1.93762
-11.1842	2.95795
-7.89165	0.540785
-7.72722	-4.04801
-7.87826	-4.1392
-5.4844	-7.43816
-4.20764	-5.0511
-3.7373	-5.19858
-11.8721	-3.8628
-12.6264	-6.19319
-9.91823	-2.35433
-9.29803	-0.141411
-10.784	0.391285
-12.7386	-0.173251
-12.2839	-0.360518
-11.695	1.89096
-11.7257	0.357092
-10.956	-1.74276
-14.4501	-5.23208
-10.6729	-3.73957
-10.7395	-5.72816
-11.7506	-2.85296
-8.55762	-5.37268
-5.30462	-4.54667
-8.83378	-8.14361
-11.7874	-11.7634
-9.16811	-7.85965
-9.56112	-6.55793
-13.9722	-5.71299
-15.0658	-4.19266
-12.3792	-2.0177
-7.70085	6.69738
-8.81133	2.06032
-15.2385	2.29634
-11.3755	3.62364
-10.1249	6.13401
-13.9828	-1.57573
-12.5794	-3.29762
-6.86704	-1.36125
-8.85969	2.88353
-7.47071	3.26828
-6.96182	1.91952
-9.37699	-1.34398
-9.56373	-2.00169
-13.3001	-3.43718
-10.5235	5.44475
-8.9099	5.20863
-6.88302	9.17472
-6.3654	4.09646
-3.38324	-1.91851
0.0576749	-0.734024
-1.29734	3.25494
-2.15412	3.68641
-5.35951	2.21866
-9.33986	-0.344541
-14.031	-3.77795
-11.1763	-1.22042
-10.4794	-1.19327
-8.92209	-3.91227
-8.92572	-7.13431
-9.62502	-12.7735
-9.63395	-13.0241
-11.4082	-14.7219
-14.767	-13.7886
-11.4008	-9.88448
-11.3371	-11.809
-11.5681	-12.8883
-9.61137	-12.9783
-13.1757	-10.9531
-11.1239	-9.49523
-15.5076	-3.89001
-15.7574	-0.183659
-13.2687	-3.49057
-15.2217	-0.0656246
-13.6631	-2.72716
-12.5333	-11.7761
-11.971	-12.0727
-10.9641	-10.809
-11.9884	-13.8043
-12.0009	-14.7268
-13.313	-16.2062
-11.5131	-12.1607
-10.3838	-13.4069
-10.2484	-9.62747
-13.0789	-6.71328
-15.2531	-6.3493
-13.3365	1.18125
-12.3926	0.578983
-9.54404	-3.9554
-10.0504	-2.64528
-6.3483	4.82163
-7.188	4.24086
-9.06448	0.661324
-6.71747	-0.97757
-7.7689	-6.54336
-6.4446	-0.568508
-6.1701	-4.80629
-7.95173	-7.25764
-8.01501	-6.05689
-11.424	-5.6086
-8.88726	-4.41187
-6.14263	-3.49854
-6.89503	-9.11695
-9.35656	-12.0367
-5.11831	-11.9797
-3.77811	-5.51083
-3.53813	-2.47986
-2.27458	-1.47705
-0.969008	-0.664794
-4.13491	2.16518
-11.1667	-2.588
-10.6129	-5.58543
-11.5687	-3.30982
-14.0045	-2.29554
-16.696	-4.24227
-14.9921	-1.28769
-10.6008	1.27384
-8.08858	4.03774
-1.9729	-5.22778
-0.400485	-5.74843
-5.65551	-4.49598
-4.98015	-10.996
-7.29501	-7.30167
-10.9595	-8.53728
-12.3055	-9.5775
-10.3806	-11.2903
-8.88896	-7.67732
-11.1778	-11.3906
-13.7811	-7.99736
-7.34181	-12.0776
-8.3807	-10.8117
-9.08975	-13.4472
-11.6444	-9.85944
-12.2254	-9.46457
-4.17398	-6.38587
-2.23746	0.144327
-2.18345	5.16396
-4.82239	0.196714
-6.42745	5.6824
-8.64587	8.94959
-6.2996	4.52124
-6.62009	2.09155
-7.8988	-4.39607
-12.8495	-2.90514
-17.2873	5.1389
-7.35497	11.0513
-7.12215	8.1526
-10.3784	5.62368
-12.4302	0.829177
-12.1755	-1.41729
-9.41538	-0.882084
-7.16797	4.93624
-9.64725	4.71354
-6.3156	9.49696
-9.2703	0.699981
-14.5846	-8.69867
-14.903	-13.9711
-15.823	-12.7756
-10.9279	-8.80722
-7.48783	-10.5215
-10.5903	-10.8134
-13.8025	-6.03232
-8.94371	-4.34536
-10.0102	-6.81409
-9.98671	-5.29173
-6.86272	-4.34608
-10.4251	-3.56908
-13.3283	-9.27407
-12.6201	-5.22862
-7.8764	-2.39053
-11.2879	-2.57519
-10.383	-0.733228
-10.9223	-3.61545
-13.8655	-3.38852
-10.764	-7.39295
-11.0129	-7.69396
-16.5166	-3.99699
-15.3265	-5.05128
-13.1165	2.24318
-11.435	4.54389
-11.2755	-1.55309
-13.2074	-6.08752
-18.0217	-4.98593
-13.7782	-0.885876
-7.2227	0.337382
-9.97357	2.33981
-13.0125	1.53079
-8.92043	2.05723
-8.04514	5.19006
-8.54252	5.57197
-7.70423	-1.02279
-4.15752	0.916893
-8.09566	2.79545
-14.1893	2.16092
-13.7434	-1.168
-8.77224	3.26123
-8.78762	3.96358
-5.8527	3.3477
-7.84933	-1.42516
-7.65338	0.220588
-0.170791	9.54685
1.64578	-0.135986
-4.71561	-4.13669
-5.35048	-4.81189
-2.27295	-4.00902
-0.22168	2.76298
-6.97481	-4.54013
-4.43813	0.250449
-6.30898	-0.00756228
-6.0292	-4.40715
-5.77179	-0.0231828
-8.78382	-1.96042
-10.0387	1.4336
-6.10832	3.55872
-8.92748	3.51581
-6.06185	0.895265
-5.26277	-2.39378
-6.91015	-7.70415
-8.69713	-3.62221
-9.22473	-2.84387
-15.1814	-8.22185
-15.172	-5.52632
-14.341	-7.86987
-14.096	-1.3624
-16.3315	-0.34489
-13.0128	0.695146
-13.1821	-4.32715
-6.57398	-3.10054
-9.98629	-7.80659
-10.5098	-2.94277
-5.82306	2.07359
-11.0752	-2.63324
-16.6784	-5.70541
-11.528	-0.819594
-9.83497	2.15512
-12.6288	0.184367
-10.4516	-4.03064
-9.904	-1.36315
-7.40529	2.70398
-11.3083	-0.936455
-5.54404	-3.35056
-7.16562	-9.23
-7.72759	-9.5457
-7.32701	-9.37906
-11.0286	-6.72054
-13.2564	-2.59692
-9.89378	-6.41529
-9.46066	-9.46933
-10.1216	-8.18319
-8.35969	-1.04512
-8.32357	-2.2431
-8.47944	-5.24355
-10.6217	-0.793043
-14.7357	-0.787876
-13.6327	2.13793
-9.88248	-1.33203
-11.3853	-1.05278
-10.8755	-6.06631
-13.9042	-10.93
-11.9324	-10.0839
-7.93345	1.57999
-6.43178	2.57891
-8.17268	-3.43656
-8.26574	-2.78812
-9.94246	-2.36243
-10.7027	-4.46429
-9.71654	-5.53069
-13.3153	-6.99206
-11.1619	1.31031
-13.2768	-1.37515
-15.0189	-1.40713
-8.55402	8.14054
-4.13765	5.72191
-0.604771	0.558439
-2.50755	-0.337231
-9.68724	-6.98279
-15.9834	-9.7359
-7.56357	0.728926
-2.90039	3.49984
-5.99957	5.06546
-4.02718	4.59089
-7.1283	-0.057176
-7.92066	5.99029
-5.14286	2.55937
-7.37467	0.701219
-6.79857	2.12046
-5.90762	-0.77531
-6.94138	-1.07226
-3.5029	0.740688
-10.1368	-3.06511
-12.7243	-2.7149
-13.7745	-3.37369
-11.6598	-3.0308
-10.0076	-7.61607
-9.3714	-9.86375
-12.5999	-15.7212
-10.2069	-14.5598
-7.7817	-11.8482
-10.1465	-10.2968
-13.1818	-11.6851
-14.9004	-14.3281
-12.1224	-11.2039
-10.5866	-10.5689
-12.5195	-10.4044
-13.2035	-14.7226
-11.3558	-13.9708
-15.0997	-12.0631
-14.431	-6.20101
-12.1838	-3.32625
-15.8132	-1.31353
-16.0478	1.1349
-10.5532	5.60476
-10.1347	4.64484
-10.1117	0.929651
-5.84098	7.4232
-9.7215	5.08256
-16.2685	-2.44072
-12.8874	-1.85282
-9.13447	-0.0823994
-7.02698	-1.71016
-14.9987	-4.15618
-18.448	-3.29768
-13.0495	1.81689
-7.35855	5.46591
-7.54351	0.336674
-9.72539	-2.94343
-6.55164	-1.55907
-9.43405	-2.50765
-14.2564	-3.96275
-14.421	-0.115524
-16.509	-3.67534
-12.0952	-0.475969
-4.91617	7.29579
-7.00733	9.34533
-9.10335	6.75574
-6.41792	0.261894
-13.672	-1.47577
-11.7382	0.931127
-9.99108	7.19391
-9.41699	4.6716
-4.52872	7.50818
-0.242061	5.0284
-4.9637	-2.28306
-9.35616	-2.97525
-7.58907	-2.26828
0.334513	-1.41042
-1.92062	-6.37791
-4.39979	-5.00349
-7.7853	-3.57708
-9.33709	0.916654
-8.00055	1.78054
-8.70098	-0.807423
-15.2803	1.96238
-16.5867	-3.20889
-16.5686	-6.284
-9.53997	-6.69861
-7.49105	-6.54298
-7.70281	-0.896941
-11.0897	-2.42136
-6.74569	-1.18565
-2.39917	1.49088
-3.81477	-4.63741
-4.83077	-10.3553
-12.2559	-10.7001
-11.8196	-6.85682
-11.2949	-6.02608
-16.2972	-8.30502
-16.1843	-6.731
-13.0636	-3.84442
-14.0157	-12.3248
-15.3061	-10.8625
-14.3851	-9.0637
-13.5595	-9.13826
-12.8034	-10.2633
-12.2858	-10.7339
-10.8004	-3.24716
-12.9445	-9.63639
-11.7659	-10.6126
-11.3053	-12.437
-12.495	-7.70277
-10.5848	-7.0814
-6.01761	-3.97537
-3.67056	-2.17973
-14.1462	-2.9301
-17.0652	-8.91897
-15.1832	-5.12313
-12.8405	-5.01499
-14.2734	-2.5226
-13.6988	-5.69922
-13.8411	-8.37217
-13.6689	-7.869
-13.1924	-4.28908
-16.7727	-12.4568
-12.5774	-6.41033
-10.118	1.78489
-13.1223	-2.50243
-12.0175	3.1913
-16.0054	5.42686
-9.98093	5.76646
-10.5741	6.66181
-8.23002	5.53278
-6.3514	4.98838
-4.9213	-2.36747
-7.68262	-2.8133
-3.23855	0.721064
-7.05438	2.20418
-6.64924	5.53097
-3.30838	4.70849
-4.05971	1.66564
-4.38673	-2.0817
-5.26837	-1.81377
-1.13314	5.53512
-2.76802	4.79052
-4.53075	0.264567
-6.00665	0.410626
-6.81495	2.78724
-12.9861	1.41444
-9.72513	-3.05836
-9.82976	3.82031
-6.64948	5.24867
-10.3232	2.96825
-9.03125	4.41236
-13.4019	-2.76248
-11.0355	-7.31875
-5.08973	-6.01463
-10.7223	-9.88217
-9.72553	-2.93513
-6.30422	-1.00195
-3.516	4.06783
-1.55442	3.69453
-1.61955	0.528287
-5.22073	0.90711
-8.82237	-0.081758
-5.22862	1.1002
-0.686601	5.12033
0.357726	2.38862
-3.30746	2.52886
-4.01096	4.73859
-3.97584	7.08074
-1.58878	4.6462
-5.85726	2.34141
-9.96569	6.38736
-9.02284	6.33041
-9.06903	1.82036
-10.74	5.21703
-12.9082	3.26363
-17.0207	-0.00165149
-17.303	-0.658981
-19.4653	0.904589
-16.3953	-1.28897
-14.8655	-8.61539
-15.6797	-8.65115
-12.7614	0.392128
-13.1737	2.93254
-11.7898	-4.38748
-9.83662	-4.85434
-11.1902	-8.21055
-8.81197	-10.3397
-7.95329	0.336153
-11.1558	-2.35663
-12.4123	-1.66035
-13.3651	1.77576
-10.9327	-1.03694
-12.2757	-9.62629
-10.0168	-5.28931
-10.8704	-5.84138
-10.9031	-8.82627
-8.05195	-5.81681
-8.73025	-5.32257
-13.743	-6.51282
-11.1267	-1.04268
-10.5116	0.581312
-16.9562	-8.04662
-9.93311	2.31768
-6.99351	0.96018
-6.19313	1.01922
-3.96736	-2.3204
-2.26495	-7.75833
-8.92221	-9.89196
-9.30367	-8.58505
-7.40415	-6.70066
-4.15727	-8.92294
-4.79223	-6.61374
-7.9986	-3.49621
-10.9567	-6.97102
-15.3858	-6.12757
-15.7419	-11.2301
-14.697	-8.76846
-13.4816	-11.7253
-11.2546	-10.5144
-12.1298	-6.85838
-9.57587	2.67272
-10.5149	-3.14661
-5.14761	-2.84489
-6.06923	-1.42357
-8.13387	3.29839
-7.26055	2.35755
-2.3915	3.74452
-2.20335	1.86163
-7.99932	0.342531
-10.1209	1.78311
-5.75971	4.4078
-7.22193	0.784463
-6.92358	-0.395227
-3.61688	-1.08983
-5.84572	-3.34958
-7.52489	-1.8763
-6.32344	-1.81154
-3.32326	1.07262
-6.03625	5.01239
-2.82497	1.50024
-8.19331	-7.74418
-7.68389	-5.54693
-1.67353	3.35877
3.21581	6.90204
1.62012	3.03899
-6.84868	-1.79644
-7.83677	-2.81033
-6.95358	0.816856
-6.37521	-4.52275
-5.98448	-7.10017
-4.01354	-4.15132
-1.70881	-4.96201
-9.13805	-6.01653
-13.1998	-2.32228
-10.79	-4.04456
-7.14965	-8.26392
-2.80607	-4.27231
-6.00449	-3.05108
-7.12129	-7.34204
-8.24937	-8.07178
-8.63674	-4.50229
-6.21366	5.44275
-7.81363	7.88629
-7.6243	-0.899325
-8.61387	0.0200799
-13.2156	-1.99915
-16.7318	-5.2173
-13.8128	0.441694
-13.1212	-1.32153
-16.83	-6.72614
-13.7903	-0.030464
-14.184	3.62314
-11.2305	5.02248
-8.60439	2.94267
-7.61709	-0.0559615
-8.75822	-1.28298
-4.60056	1.52672
-8.61612	-7.24967
-9.396	-6.11543
-3.70871	-8.14841
-0.418095	-7.03412
-0.156858	-5.84921
-5.72838	-6.56553
-6.63659	-12.5361
-9.30169	-10.2745
-11.9452	-8.07867
-10.3838	-13.9666
-8.87108	-10.1117
-7.89331	-5.33561
-5.05802	-2.13478
-4.86564	-1.74317
-5.56971	0.953257
-3.55154	2.81398
-2.87237	-2.79528
-3.87556	-7.10891
-9.82049	-4.70517
-13.8334	-4.30553
-14.5717	-7.48756
-11.5655	-4.0057
-10.4373	-5.65532
-8.14748	-7.97582
-10.8558	-12.8026
-6.79341	-10.3194
-4.20404	-6.03854
-7.12882	2.99634
-10.2808	3.49012
-9.28306	0.947261
-7.89791	-1.05099
-5.96755	-5.25562
-3.71644	-0.607327
-7.4092	-6.27008
-4.33845	-3.66657
-8.69827	-3.15581
-7.26761	0.851416
-3.30625	-0.890513
-9.05836	-3.2772
-14.089	-3.46738
-10.7855	0.80145
-8.79853	3.19389
-8.7091	1.29124
-9.71021	1.11134
-12.7883	-2.36943
-10.8669	-2.17345
-12.1116	-0.357117
-16.5144	-8.68634
-12.7389	-5.88597
-13.9336	-9.36951
-17.5481	-6.07873
-15.6688	-4.16529
-11.5297	-8.54922
-16.6584	-9.80342
-11.9002	-8.57254
-9.24525	-11.4587
-8.75962	-6.40881
-12.506	-9.68749
-8.98287	-7.16285
-13.9163	-4.89107
-13.8176	-5.2072
-13.6966	-9.08591
-13.7523	-4.92739
-13.7096	2.79184
-13.0175	3.73691
-8.68823	3.97523
-10.2504	3.16103
-10.8353	8.09215
-3.93372	7.54266
-4.34535	6.3974
-5.09864	-2.53473
-5.41897	-5.37829
-3.67436	-5.00685
0.674497	-0.216421
4.72236	-4.33936
6.86082	-5.89654
7.031	0.206823
7.4634	1.14883
6.4956	-3.42785
-0.116121	0.939591
-1.37381	-2.28565
1.59286	0.671055
2.54969	-2.86576
-1.42627	-2.33356
-1.69422	2.19642
-4.60213	3.30429
-2.31068	-3.56715
-5.22854	-1.06106
-0.893694	-0.249198
-2.16278	2.7402
-4.06292	-1.69827
-1.74128	1.81572
5.95517	7.16701
-3.76048	1.32222
-4.15972	-2.23826
-0.665534	-1.58808
-7.64145	-2.83233
-16.8944	-1.97152
-9.38434	5.37107
-4.04213	2.08236
-5.7604	-1.1758
-5.08714	1.35928
-11.1428	-1.25178
-6.28558	-0.529591
-0.0709689	3.66976
-4.10281	-0.122509
-12.5281	-1.04631
-15.4206	1.34308
-11.8202	2.17398
-10.51	-0.502891
-3.11819	6.13108
-4.67641	3.88737
-5.72526	-1.40764
-1.74903	2.04593
-2.4651	0.933346
-1.83142	5.56817
-4.87335	5.95238
-4.10229	6.38745
-7.68454	2.79613
-7.12076	5.0765
-7.82294	-2.00938
-9.52337	-3.12559
-16.6869	-3.30443
-14.7535	-0.377386
-13.2239	2.32441
-10.2394	2.39681
-7.59215	4.00451
-5.62453	4.08133
-7.51361	3.17884
-11.1809	-2.12959
-7.69128	-3.86428
-8.72819	-2.34796
-7.04021	-4.56809
-9.04816	-4.60781
-6.86056	-5.5084
-5.97716	-8.21784
-8.14325	-5.87607
-10.0571	-7.12388
-13.5883	-7.88707
-11.5518	-2.4884
-10.4268	-5.6858
-14.8613	-2.89323
-13.2678	0.879486
-7.80322	-1.12021
-3.0956	1.4429
-8.26019	-6.59838
-9.8698	-13.4943
-10.9383	-10.1113
-11.5519	-11.0261
-11.3031	-8.23577
-12.4154	-9.25848
-7.96686	-4.7876
-8.93314	-7.22402
-10.6989	-11.9828
-8.94254	-10.337
-8.6718	-12.8399
-13.1947	-13.2273
-11.6127	-10.0767
-9.07258	-8.93582
0.47709	-5.94692
-5.01859	-12.2676
-7.25433	-9.73724
-5.31544	-4.35456
-5.74935	-7.11724
-6.40731	-3.77128
-11.63	-7.01423
-9.5703	-4.78395
-9.52789	-3.22372
-5.51545	0.697195
-7.48861	-5.29477
-12.9949	-5.3864
-13.1704	-4.13687
-6.5213	1.26843
-6.86339	-2.12815
-6.48846	-0.478613
-10.1152	3.75458
-12.1505	-5.91995
-11.4065	-4.87047
-13.1319	-3.00524
-14.258	-2.00504
-12.7458	1.26345
-9.44093	-1.49429
-6.73363	-3.7297
-9.45479	-3.61749
-6.59232	-4.05743
-7.10288	-5.60099
-5.12011	-2.08092
-6.95558	0.385369
-3.9141	1.1109
-4.41441	-0.890651
-5.42978	-0.255963
-11.5111	0.657858
-10.1786	-0.844904
-4.18071	0.272232
-5.59572	3.90963
-11.6416	4.63654
-14.5113	1.06901
-13.5061	-0.89822
-8.67456	3.66046
-8.89038	3.67093
-13.0898	0.191218
-13.7858	-1.48652
-13.2004	-1.82585
-15.5021	-2.76029
-15.7739	-4.75103
-15.3837	-3.95483
-14.9095	-3.4391
-6.79125	9.87901
-7.56965	6.59755
-10.8651	1.4045
-11.442	-2.59759
-10.6559	1.87404
-12.0484	-3.04722
-11.3987	-0.493578
-11.7958	3.08745
-13.5353	-0.595965
-11.681	0.766775
-9.08123	-2.12472
-11.588	-6.71526
-11.3324	-3.0497
-12.1887	-4.5083
-11.3128	-5.79839
-12.7759	-4.58381
-9.20271	-8.34281
-9.89141	-8.71327
-13.712	-5.43195
-6.96887	1.68405
-7.00598	-2.31493
-6.66988	2.74887
-5.3722	4.84567
-4.06397	3.46444
-8.49189	0.476086
-1.76869	6.96324
-8.48192	10.4919
-14.5268	-1.20003
-14.0029	-10.214
-11.8722	-10.0121
-10.9721	0.868289
-5.67232	4.59211
-6.48631	-1.76344
-11.8436	-2.23231
-13.8295	4.77701
-13.2858	5.55868
-9.67964	4.82984
-8.11139	7.5746
-8.06349	5.8925
-11.6802	7.55349
-11.8477	3.83403
-10.9333	-0.680974
-14.4761	-5.28336
-12.3542	-5.54808
-15.1828	-6.51287
-14.5643	-3.04671
-15.5666	-6.53396
-14.1473	0.826024
-10.1148	2.15911
-8.63118	-1.56378
-9.95982	-4.36887
-10.1613	-4.85288
-15.0218	-0.719319
-14.4718	-1.21256
-12.4692	-8.56851
-12.1999	-5.23888
-12.6924	-4.26211
-10.2664	-1.36025
-6.89869	-2.37493
-6.9603	3.9391
-9.04524	2.38099
-10.5541	1.22286
-13.4386	3.12869
-12.6767	1.50588
-14.0721	-5.079
-11.7788	-6.90358
-11.4422	4.51142
-11.6352	-2.0456
-5.62059	-0.18094
-3.55812	2.636
-2.51739	-1.91198
-4.56641	-1.05127
-8.92633	2.26827
-7.81413	2.94577
-12.0962	0.754779
-11.3994	-0.0618127
-12.2591	5.18713
-13.6797	-1.46207
-6.15471	-4.53229
-3.22469	0.719727
-3.91963	1.79762
-0.942396	3.73147
-2.46928	4.27381
-1.96911	5.50388
-6.11613	-1.06825
-4.46092	1.57815
-8.3329	-5.67676
-9.88029	-8.58606
-7.78117	-5.30752
-9.48556	-11.7949
-9.32804	-7.22792
-12.1502	-9.44238
-9.93945	-8.19654
-10.387	-11.0769
-11.0034	-10.1369
-8.54118	-10.0002
-10.8292	-8.85928
-6.16792	-10.9525
-0.0911902	-5.9706
-0.872863	-2.45526
-4.24951	-1.00837
-5.63257	0.975038
-3.48137	3.80763
-5.2323	1.52388
-9.39578	-8.66881
-11.5455	-7.89234
-10.9558	-2.71451
-9.86189	-1.38345
-9.542	0.528834
-9.60743	-1.72948
-6.71731	-7.46383
-5.6059	-10.2948
-4.56309	-12.1051
-6.62952	-13.6372
-8.51919	-10.5239
-8.42869	-8.07527
-8.00521	-11.8003
-9.06864	-13.1409
-12.5705	-14.6418
-9.05778	-12.8013
-10.4699	-9.81371
-7.67817	-0.640374
-5.70563	1.69207
-4.70754	4.72731
-9.41186	0.17182
-10.3437	1.42339
-7.19825	1.45509
-7.04613	-1.70704
-5.84218	2.82234
-6.15854	0.882387
-11.2023	-3.57375
-15.4912	-3.11833
-13.0568	-5.97006
-9.20095	-4.72223
-7.82564	-12.0063
-9.49314	-9.89516
-7.69495	-2.02443
-9.68854	-1.2766
-6.98117	-7.27005
-6.54745	-10.5694
-5.40892	-13.5436
-8.25606	-16.3795
-15.2347	-16.0509
-9.57811	-8.90339
-6.55549	-9.53505
-9.07403	-9.70113
-8.603	-13.9371
-6.75314	-12.2997
-5.04795	-8.75604
-8.61605	-11.194
-9.86129	-10.4055
-11.7338	-8.70626
-8.76214	-11.5257
-10.0329	-12.007
-10.7753	-8.33294
-12.4149	-1.75066
-9.80973	3.91294
-6.54668	6.43239
-6.83424	3.42389
-7.52446	-0.272453
-7.63013	-9.16405
-5.36957	-4.02451
-5.31226	-1.36178
-9.38515	-2.66654
-12.3066	-3.94264
-4.04522	-0.131098
-1.87696	2.97348
-6.55059	-2.79675
-5.75556	-2.53595
-5.97434	-3.8897
-5.15813	-8.17005
-4.91471	-7.78095
-9.19645	-10.2185
-7.82992	-12.3276
-8.79094	-12.035
-13.16	-17.9442
-9.78142	-15.7692
-10.2042	-10.8067
-11.9065	-3.93439
-12.3044	-3.19083
-9.30494	0.502359
-10.9564	-4.68174
-10.9991	-6.58644
-12.9049	-5.24604
-10.8518	-6.82443
-7.54767	-3.31598
-5.68211	-2.24213
-5.70989	6.58661
-7.39957	3.12033
-6.07869	3.43154
-6.90938	3.87884
-9.24548	5.22675
-11.5595	3.14289
-12.7951	-0.175631
-8.30865	-5.92555
-12.2736	-11.5848
-9.46921	-10.8086
-9.43485	-10.3191
-8.13079	-8.77813
-9.63061	-7.44324
-13.3051	-6.62678
-12.8108	-9.6322
-12.5819	-11.3291
-11.6593	-11.1304
-6.15692	-4.89479
-5.26603	-8.16709
-0.217063	-5.7212
-1.22685	-3.95428
-7.50272	-6.38139
-9.18949	0.251687
-10.9501	-0.551965
-8.90233	1.53152
-6.80604	6.6219
-2.43465	5.58128
-2.71633	2.6497
-8.11472	2.35395
-9.9891	1.05069
-5.69746	0.308117
-4.53503	1.83141
-4.54237	1.31514
-4.11723	0.346254
-3.23251	6.41217
-7.27256	0.579571
-9.8165	1.01626
-4.57894	-2.0962
-1.66947	-0.994433
-8.40604	0.0101548
-6.41251	1.79741
-3.05509	-0.527846
-7.46231	1.17055
-10.2893	0.185307
-9.18229	0.889177
-3.79155	3.19315
-7.80127	-0.949968
-2.97439	-1.69409
-4.4588	-2.8611
-2.74536	0.699682
-5.16314	-5.35365
-4.9116	-1.97299
-6.82035	0.157461
-8.02777	2.51253
-7.97455	5.64212
-4.55439	2.60666
-0.564012	8.82479
-4.92342	0.905121
-1.87773	-5.20878
-1.36223	-1.80082
-3.97398	-3.21878
-3.62181	-6.16938
-4.78775	-3.15628
-7.79179	-6.89596
-4.4905	12.2619
-4.69996	3.29432
-4.78603	2.68842
-4.75077	4.67591
-6.36984	-2.20416
-4.52894	-4.55727
-5.43675	1.06482
-8.66024	-0.490474
-8.9171	-3.52373
-9.61314	0.111315
-10.1028	0.0643085
-13.6961	0.419163
-12.8207	2.85087
-17.2591	0.354218
-12.5657	-4.01722
-3.06016	-2.29715
-3.48619	-5.04905
-5.61187	-2.85064
-8.28039	-4.51996
-12.2186	0.0984285
-8.1938	0.707256
-6.00272	0.86643
-8.49752	1.89131
-16.169	-4.97521
-15.2795	-9.28788
-14.2844	-9.34548
-10.6985	-9.21818
-10.9091	-11.5313
-14.9269	-9.77685
-15.6839	-10.5314
-9.43184	-7.21095
-13.4855	-5.254
-14.8377	-2.68934
-16.3535	-6.72724
-16.6	-6.91882
-16.355	-7.89018
-13.7465	-6.22266
-14.3742	-2.82955
-16.9916	-4.42404
-16.7177	-5.54764
-16.9516	-4.13779
-12.8376	2.83975
-8.83869	4.91234
-10.7096	4.24726
-14.0191	-2.09797
-12.0675	-1.71286
-10.0911	-5.87533
-10.7366	-5.91885
-13.0413	-9.06369
-13.1581	-11.9234
-10.7643	-8.46235
-7.96217	-8.68825
-8.13607	-11.6272
-12.5816	-9.63711
-13.23	-8.92227
-7.4441	0.912087
-11.1666	-0.784305
-12.6197	-6.65077
-15.3263	-6.92546
-14.352	-11.5061
-13.7351	-6.03165
-14.3266	-1.51085
-10.4056	-4.65315
-8.90245	-3.79119
-14.6832	-1.85974
-16.6157	-0.276589
-17.726	1.04103
-11.9073	-1.66788
-9.63743	-2.10374
-9.67379	-7.9274
-12.1473	-6.20153
-13.6877	4.81997
-8.41522	7.27951
-7.99996	10.4583
-3.27728	4.0887
-2.68278	-2.4248
-7.31918	-3.37565
-6.57718	-0.361404
-2.88868	-4.75377
-2.44827	-5.46158
-10.8856	-5.80025
-8.76364	-6.6859
-6.70923	-8.05277
-10.0617	-6.14874
-10.2268	-11.0358
-10.6364	-17.2731
-10.098	-16.1734
-10.6317	-13.7918
-13.958	-9.65566
-15.5804	-8.23147
-10.487	-5.64655
-7.54803	-3.56243
-9.77616	2.34235
-4.63039	2.77677
-4.69871	3.98475
-8.91353	6.58018
-5.57784	5.2475
-4.05086	6.92804
-9.67569	-2.82488
-11.5609	-2.57436
-7.03922	4.86178
-9.16474	4.79394
-5.22567	3.9466
-0.988773	6.43228
-3.25904	-4.75557
-5.51967	-4.37513
-6.66554	-3.72999
-6.47122	-4.59684
-7.18003	-5.95359
-6.73553	0.803959
-8.68323	4.15443
-10.8349	-1.74957
-12.3431	-1.99595
-13.0059	-2.52125
-11.6381	-1.81535
-13.065	-7.36728
-7.99351	-1.62845
-7.31058	-4.47693
-3.65483	-2.09817
-0.765732	6.3765
-5.32897	2.98156
-9.34689	-0.927991
-12.4861	0.870041
-5.85553	6.5393
-3.31454	-2.76243
-11.562	3.25712
-12.203	2.24657
-11.175	1.72471
-11.307	-1.28733
-9.29205	-5.22966
-13.0605	-6.07865
-15.2794	-2.68282
-10.489	-4.00522
-11.9462	-6.75245
-11.3563	-6.33789
-9.64061	-5.91299
-11.382	-12.1973
-11.6301	-9.22015
-8.7397	-5.96207
-5.17158	-5.1262
-7.0549	-3.53498
-7.9381	-4.29343
-7.81215	-1.92081
-9.15433	-0.709662
-0.900287	0.900807
2.20415	1.15402
-6.08144	-0.756767
-7.97759	-2.22163
-10.9954	-3.95955
-15.3073	-3.77568
-16.7734	-2.86595
-12.935	-6.89846
-9.34341	-5.56365
-2.6269	-4.39683
-6.25042	-5.66438
-8.12028	-3.70413
-8.74084	-4.80888
-6.86857	0.803759
-8.38254	-2.84086
-12.2912	-1.23272
-18.7603	0.66468
-17.6335	-0.923009
-12.3645	-10.3396
-5.5602	-8.60043
-4.9031	-5.75697
-5.70639	-4.15538
-7.38119	-6.49036
-5.52115	-0.725608
-6.92808	-1.60127
-2.51656	2.4813
-8.77726	-0.719491
-14.5125	-7.82448
-11.7827	-5.23017
-12.6117	-4.63537
-9.97363	-0.870185
-10.9701	-1.7387
-7.22881	-2.86708
-11.1267	-6.59867
-13.7748	-2.4535
-14.4581	-0.046349
-8.5221	-1.39764
-5.51575	-9.23825
-3.32727	-7.60598
-4.31827	-3.81357
-5.25581	-3.61908
-4.82976	-4.50378
0.450593	-2.36035
-0.554819	-1.39814
-1.53679	-5.7448
-1.26133	-3.0957
-2.55225	-3.47358
0.102882	-2.09754
-2.17186	0.261789
-4.41588	4.94741
-7.01847	7.16611
-5.69891	8.43579
-8.56669	3.57373
-8.64568	3.41176
-6.96204	5.47817
-4.80975	8.46405
-10.162	1.47086
-11.2313	-2.45087
-6.0863	-11.2633
-4.18193	-6.19081
-1.21783	0.177577
-3.66723	3.37015
-2.79241	0.598318
-4.41008	-5.25618
-4.3761	2.63683
-7.40202	3.44842
-6.97213	8.80929
-10.471	1.80087
-13.2598	-5.80654
-12.461	-9.69929
-10.3402	-10.5411
-11.9879	-6.31504
-10.2731	-9.87668
-9.37662	-13.2494
-9.59175	-12.2927
-8.43924	-10.2531
-10.0511	-11.6061
-6.72343	-8.98851
-5.42825	-6.63013
-4.04898	-6.0561
-7.10306	-3.62543
-4.77907	-5.42579
-7.27714	-8.5323
-7.45569	-4.92523
-13.1781	-3.62664
-11.5023	-6.56609
-6.66352	-8.86643
-7.13296	-12.0008
-5.67069	-10.4013
-7.30662	-6.67142
-9.55909	-5.5362
-9.23931	8.9096
-7.49724	6.03628
-2.6478	-1.53838
-6.2174	-5.09242
-7.52325	-4.59187
-12.1895	-6.89214
-13.6495	-7.00573
-10.4216	-2.52465
-10.753	-1.33964
-8.25561	4.60378
-6.84354	4.52455
-8.06069	0.0690653
-7.89923	-0.946729
-12.6506	-0.65318
-13.0186	-0.028751
-5.3605	0.98301
-12.2096	-5.1453
-12.5159	-2.93132
-13.6469	-7.25652
-9.79093	-7.83236
-11.1981	-8.50078
-10.8073	-8.77533
-10.7513	-10.1995
-11.1126	-10.3993
-10.6622	-10.8095
-8.81216	-2.63443
-6.77036	-0.187146
0.405554	1.62084
-1.7845	1.59763
-5.55864	1.81793
-9.91155	-0.173013
-5.18752	1.32858
-2.90857	0.48645
-9.21845	-1.68121
-8.13704	-0.417799
-5.34272	-5.76913
-7.42033	-10.8531
-7.78	-8.03346
-7.28758	-5.69362
-4.90718	-3.47663
-7.68596	0.87409
-8.51655	0.651277
-7.70914	-1.5154
-6.8326	-6.02842
-11.8446	-12.2812
-10.6331	-7.70831
-13.5711	-7.56842
-11.582	-6.02077
-16.4745	-7.11658
-12.4722	-5.52393
-7.49721	-6.21106
-11.292	-3.29376
-12.1779	-2.98955
-6.08005	1.49256
-7.16275	4.73427
-6.39561	6.11074
-9.94564	5.24373
-8.92588	0.438799
-13.3485	-2.45546
-14.2945	0.671531
-11.6883	5.35599
-17.0416	0.551731
-13.8003	5.3281
-12.4979	3.79081
-11.9233	0.222301
-10.3923	1.51425
-12.6377	-5.57135
-9.95164	-9.28765
-12.182	-10.5228
-13.5529	-14.3915
-12.1227	-13.1079
-10.64	-4.43793
-11.3086	-7.25365
-10.9757	-3.42067
-9.49496	2.36177
-7.32375	-1.04556
-8.85178	-2.66095
-7.53311	3.56755
-12.4982	6.06239
-13.606	3.95357
-10.6508	2.88896
-10.5948	3.13274
-10.8411	-4.14984
-13.6807	-7.77486
-9.44871	-2.40454
-11.6476	-3.22492
-11.7501	-3.42865
-9.29368	-5.62141
-7.31376	-5.40312
-6.53024	-7.55991
-5.62138	-0.945213
-5.41971	-0.439719
-6.55856	4.13014
-8.09619	0.0234549
-10.84	-4.79991
-11.6508	-7.94787
-11.708	-7.49384
-11.8459	-5.63108
-11.2093	-8.65658
-12.0649	-7.92206
-10.484	-10.5767
-10.0618	-10.9581
-7.16675	-5.83728
-7.3547	-8.73965
-7.17946	-1.75089
-12.5712	4.91891
-10.4685	3.65648
-2.94698	-0.118433
-6.41663	-1.51494
-8.30226	-3.31882
-11.1506	-2.03522
-8.16533	-2.14125
-9.7875	-2.18728
-7.79119	2.11961
-8.43028	-0.529835
-11.0687	0.98341
-13.3685	1.10847
-7.80231	7.33672
-6.59703	4.13676
-9.33535	-3.21969
-7.54017	-4.77869
-9.26538	-4.92921
-10.511	-7.01655
-6.59527	-5.47241
-3.65569	-2.14554
-2.23337	-0.750761
-3.1328	-0.208093
-6.97661	-3.15014
-6.167	0.0293805
-2.16186	1.72221
-6.16592	-1.12975
-6.43237	-0.895101
-6.89675	-6.14624
-8.15642	-10.1064
-11.9819	-6.78372
-13.7954	-5.55279
-12.5215	-4.727
-9.85108	-3.05663
-9.4858	-1.01432
-11.3039	-5.58841
-11.8284	-6.70242
-14.3951	-3.87831
-14.9496	-7.19256
-12.514	-4.93309
-9.08244	1.80046
-8.3398	-4.93719
-11.823	-6.36621
-7.53471	-4.32678
-4.31787	-3.12246
-11.8931	-6.71525
-11.8045	-6.7719
-8.00977	-5.19134
-10.9575	-10.634
-11.1291	-10.9792
-12.5585	-1.55559
-12.4028	1.81977
-9.74968	-5.32155
-7.18884	-4.40835
-2.87436	-3.25743
-3.61854	-9.46014
-4.29056	-8.60562
-5.05912	-10.8658
-7.49441	-8.01386
-8.07132	-3.27021
-7.48204	-1.0257
-10.7305	-6.43521
-7.99882	0.255301
-9.54434	-5.9174
-13.1775	-14.6638
-12.415	-12.0325
-12.5579	-5.5246
-13.6278	-9.78309
-14.5875	-10.6912
-10.7921	-6.534
-13.7915	-13.7609
-15.7006	-10.6141
-13.8545	-11.1766
-10.9789	-4.90182
-11.5669	-2.06292
-9.40864	0.0476289
-11.2844	-0.523774
-8.70326	6.70607
-9.75095	8.34677
-16.8398	3.18443
-11.589	5.06736
-14.2921	-0.553291
-14.5151	-5.01965
-7.26908	1.19499
1.48521	7.77378
-4.04778	4.18702
-3.61235	-0.598017
-1.07637	1.36285
-1.08184	7.76341
2.95211	7.12865
-1.18446	-1.85557
0.534191	2.03003
1.30512	3.35619
0.101893	-1.44545
-3.06782	0.212297
-7.72141	-2.1277
-9.49896	-2.1656
-13.314	0.546993
-12.1954	-2.84577
-8.50004	-5.22718
-12.2932	-8.30248
-8.22054	-1.23292
-8.58076	0.760025
-12.4947	-4.3809
-11.6146	-3.07749
-15.5182	-4.4382
-18.7614	-1.46836
-16.3343	-1.52981
-16.9762	-0.624462
-13.0607	4.1485
-9.87477	3.82321
-13.0088	-0.25268
-9.54899	-1.66894
-7.77789	1.29135
-10.1637	1.6672
-7.44868	6.51361
-11.375	3.33643
-11.5116	-2.78799
-12.0394	-2.96137
-11.4848	6.43578
-8.74514	9.29818
-4.92229	1.33646
-9.90242	3.14475
-5.10298	-1.88033
-5.61297	-6.67565
-10.0015	-4.64957
-5.93728	-1.43926
-10.7889	-1.70539
-16.2085	-3.25038
-14.8465	-1.78482
-15.67	-2.92177
-16.9084	-4.02783
-14.6419	0.826992
-8.63228	0.453079
-9.07893	2.01873
-5.5644	3.62026
-5.00941	4.33305
-7.01852	2.34741
-12.384	3.7789
-9.05295	5.14209
-9.23604	4.56602
-4.62359	-1.89963
-1.18489	-6.81767
-11.0207	-8.5075
-8.19075	-7.28593
-4.36065	-4.87509
-2.28217	-3.39802
0.727638	0.39538
3.21979	0.906218
-0.990054	-5.41154
0.547637	-4.60872
-3.76581	-7.96652
-1.16525	-5.05607
-3.28962	-5.24153
-5.25844	-3.30303
-2.10795	-0.0957811
-5.64756	-0.273643
-4.72473	2.45335
-0.400706	-1.89092
-1.92381	-6.9238
-2.19132	-1.80134
